1.701
1.692
1.707
1.725
1.745
1.767
1.789
1.812
1.835
1.859
1.884
1.910
1.936
1.963
1.991
2.020
2.049
2.078
2.107
2.137
2.167
2.197
2.226
2.256
2.286
2.316
2.345
2.375
2.404
2.433
2.462
2.491
2.520
2.548
2.576
2.604
2.632
2.660
2.687
2.714
2.741
2.768
2.794
2.820
2.846
2.872
2.897
2.923
2.948
2.972
2.997
3.021
3.045
3.070
3.093
3.117
3.140
3.164
3.187
3.209
3.232
3.254
3.276
3.298
3.320
3.342
3.364
3.385
3.406
3.427
3.448
3.468
3.489
3.509
3.529
3.549
3.569
3.588
3.608
3.627
3.646
3.665
3.684
3.703
3.721
3.739
3.758
3.776
3.794
3.811
3.829
3.846
3.864
3.881
3.898
3.915
3.931
3.948
3.965
3.981
3.997
4.013
4.029
4.045
4.061
4.076
4.092
4.107
4.122
4.137
4.152
4.167
4.182
4.197
4.211
4.225
4.240
4.254
4.268
4.282
4.296
4.310
4.323
4.337
4.350
4.364
4.377
4.390
4.403
4.416
4.429
4.442
4.454
4.467
4.479
4.492
4.504
4.516
4.528
4.540
4.552
4.564
4.576
4.588
4.599
4.611
4.622
4.633
4.645
4.656
4.667
4.678
4.689
4.700
4.711
4.721
4.732
4.743
4.753
4.764
4.774
4.784
4.794
4.804
4.814
4.824
4.834
4.844
4.854
4.864
4.873
4.883
4.892
4.902
4.911
4.921
4.930
4.939
4.948
4.957
4.966
4.975
4.984
4.993
5.002
5.011
5.020
5.028
5.037
5.045
5.054
5.062
5.071
5.079
5.088
5.096
5.104
5.112
5.120
5.128
5.136
5.144
5.152
5.160
5.168
5.176
5.184
5.191
5.199
5.207
5.214
5.222
5.230
5.237
5.244
5.252
5.259
5.267
5.274
5.281
5.288
5.296
5.303
5.310
5.317
5.324
5.331
5.338
5.345
5.352
5.359
5.366
5.372
5.379
5.386
5.393
5.399
5.406
5.413
5.419
5.426
5.433
5.439
5.446
5.452
5.459
5.465
5.472
5.478
5.484
5.491
5.497
5.503
5.510
5.516
5.522
5.528
5.534
5.541
5.547
5.553
5.559
5.565
5.571
5.577
5.583
5.589
5.595
5.601
5.607
5.613
5.619
5.625
5.630
5.636
5.642
5.648
5.654
5.659
5.665
5.671
5.677
5.682
5.688
5.694
5.699
5.705
5.711
5.716
5.722
5.727
5.733
5.738
5.744
5.749
5.755
5.760
5.766
5.771
5.777
5.782
5.788
5.793
5.798
5.804
5.809
5.814
5.820
5.825
5.830
5.836
5.841
5.846
5.852
5.857
5.862
5.867
5.872
5.877
5.883
5.888
5.893
5.898
5.903
5.908
5.913
5.919
5.924
5.929
5.934
5.939
5.944
5.949
5.954
5.959
5.964
5.969
5.974
5.979
5.984
5.989
5.994
5.999
6.004
6.009
6.014
6.019
6.024
6.029
6.034
6.039
6.043
6.049
6.053
6.058
6.063
6.068
6.073
6.078
6.082
6.087
6.092
6.097
6.102
6.106
6.111
6.116
6.121
6.126
6.130
6.135
6.140
6.145
6.149
6.154
6.158
6.163
6.168
6.173
6.177
6.182
6.187
6.191
6.196
6.201
6.205
6.210
6.215
6.219
6.224
6.229
6.233
6.238
6.242
6.247
6.252
6.256
6.261
6.265
6.270
6.274
6.279
6.283
6.288
6.292
6.297
6.301
6.306
6.310
6.315
6.319
6.324
6.328
6.333
6.337
6.342
6.346
6.351
6.355
6.360
6.364
6.369
6.373
6.377
6.382
6.386
6.391
6.395
6.399
6.404
6.408
6.413
6.417
6.421
6.426
6.430
6.435
6.439
6.443
6.448
6.452
6.456
6.461
6.465
6.469
6.474
6.478
6.482
6.487
6.491
6.495
6.500
6.504
6.508
6.512
6.517
6.521
6.525
6.529
6.534
6.538
6.542
6.547
6.551
6.555
6.560
6.564
6.568
6.572
6.576
6.581
6.585
6.589
6.593
6.598
6.602
6.606
6.610
6.614
6.619
6.623
6.627
6.631
6.635
6.639
6.644
6.648
6.652
6.656
6.660
6.665
6.669
6.673
6.677
6.681
6.685
6.690
6.694
6.698
6.702
6.706
6.710
6.715
6.719
6.723
6.727
6.731
6.735
6.739
6.743
6.747
6.752
6.756
6.760
6.764
6.768
6.772
6.776
6.780
6.784
6.788
6.792
6.796
6.800
6.804
6.809
6.812
6.817
6.821
6.825
6.829
6.833
6.837
6.841
6.845
6.849
6.853
6.857
6.861
6.865
6.869
6.873
6.877
6.881
6.885
6.889
6.893
6.897
6.901
6.905
6.909
6.913
6.917
6.921
6.925
6.929
6.933
6.937
6.940
6.945
6.948
6.952
6.956
6.960
6.964
6.968
6.972
6.976
6.980
6.984
6.988
6.992
6.996
6.999
7.003
7.007
7.011
7.015
7.019
7.023
7.027
7.031
7.035
7.038
7.042
7.046
7.050
7.054
7.058
7.062
7.066
7.070
7.073
7.077
7.081
7.085
7.089
7.093
7.097
7.100
7.104
7.108
7.112
7.116
7.119
7.124
7.127
7.131
7.135
7.139
7.143
7.146
7.150
7.154
7.158
7.162
7.166
7.170
7.173
7.177
7.181
7.185
7.188
7.192
7.196
7.200
7.204
7.208
7.211
7.215
7.219
7.223
7.227
7.230
7.234
7.238
7.242
7.245
7.249
7.253
7.257
7.260
7.264
7.268
7.272
7.276
7.279
7.283
7.287
7.291
7.295
7.298
7.302
7.306
7.309
7.313
7.317
7.321
7.324
7.328
7.332
7.336
7.339
7.343
7.347
7.351
7.354
7.358
7.362
7.366
7.369
7.373
7.377
7.381
7.384
7.388
7.392
7.395
7.399
7.403
7.406
7.410
7.414
7.418
7.421
7.425
7.429
7.433
7.436
7.440
7.443
7.447
7.451
7.455
7.458
7.462
7.465
7.469
7.473
7.477
7.480
7.484
7.488
7.491
7.495
7.499
7.502
7.506
7.510
7.513
7.517
7.521
7.524
7.528
7.531
7.535
7.539
7.542
7.546
7.550
7.553
7.557
7.561
7.564
7.568
7.571
7.575
7.579
7.582
7.586
7.590
7.593
7.597
7.600
7.604
7.608
7.611
7.615
7.619
7.622
7.626
7.629
7.633
7.636
7.640
7.644
7.647
7.651
7.654
7.658
7.661
7.665
7.669
7.672
7.676
7.679
7.683
7.686
7.690
7.693
7.697
7.701
7.704
7.708
7.711
7.715
7.718
7.722
7.726
7.729
7.733
7.736
7.739
7.743
7.747
7.750
7.753
7.757
7.760
7.764
7.767
7.771
7.774
7.778
7.781
7.785
7.788
7.792
7.795
7.799
7.802
7.806
7.809
7.813
7.816
7.820
7.823
7.827
7.830
7.834
7.837
7.840
7.844
7.847
7.851
7.854
7.858
7.861
7.864
7.868
7.871
7.875
7.878
7.881
7.885
7.888
7.892
7.895
7.898
7.902
7.905
7.909
7.912
7.916
7.919
7.922
7.926
7.929
7.932
7.936
7.939
7.943
7.946
7.949
7.953
7.956
7.959
7.963
7.966
7.969
7.973
7.976
7.979
7.983
7.986
7.989
7.993
7.996
7.999
8.003
8.006
8.009
8.013
8.016
8.019
8.022
8.026
8.029
8.032
8.036
8.039
8.042
8.045
8.049
8.052
8.055
8.059
8.062
8.065
8.068
8.072
8.075
8.078
8.081
8.085
8.088
8.091
8.094
8.098
8.101
8.104
8.107
8.111
8.114
8.117
8.120
8.123
8.127
8.130
8.133
8.136
8.139
8.143
8.146
8.149
8.152
8.156
8.159
8.162
8.165
8.168
8.171
8.175
8.178
8.181
8.184
8.187
8.191
8.194
8.197
8.200
8.203
8.206
8.209
8.212
8.216
8.219
8.222
8.225
8.228
8.231
8.235
8.238
8.241
8.244
8.247
8.250
8.253
8.256
8.260
8.263
8.266
8.269
8.272
8.275
8.278
8.281
8.284
8.287
8.291
8.294
8.297
8.300
8.303
8.306
8.309
8.312
8.315
8.318
8.321
8.324
8.327
8.330
8.333
8.336
8.340
8.343
8.346
8.349
8.352
8.355
8.358
8.361
8.364
8.367
8.370
8.373
8.376
8.379
8.382
8.385
8.388
8.391
8.394
8.397
8.400
8.403
8.406
8.409
8.412
8.415
8.418
8.421
8.424
8.427
8.430
8.433
8.436
8.439
8.442
8.445
8.448
8.451
8.454
8.457
8.460
8.463
8.466
8.469
8.472
8.475
8.478
8.481
8.484
8.487
8.490
8.493
8.496
8.499
8.502
8.505
8.508
8.510
8.514
8.517
8.519
8.522
8.525
8.528
8.531
8.534
8.537
8.540
8.543
8.546
8.549
8.552
8.555
8.558
8.560
8.564
8.567
8.569
8.572
8.575
8.578
8.581
8.584
8.587
8.590
8.593
8.596
8.599
8.602
8.604
8.608
8.610
8.613
8.616
8.619
8.622
8.625
8.628
8.631
8.634
8.637
8.639
8.642
8.645
8.648
8.651
8.654
8.657
8.660
8.663
8.666
8.668
8.672
8.674
8.677
8.680
8.683
8.686
8.689
8.692
8.694
8.698
8.700
8.703
8.706
8.709
8.712
8.715
8.718
8.721
8.724
8.726
8.729
8.732
8.735
8.738
8.741
8.744
8.747
8.749
8.752
8.755
8.758
8.761
8.764
8.767
8.770
8.772
8.776
8.778
8.781
8.784
8.787
8.790
8.793
8.795
8.798
8.801
8.804
8.807
8.810
8.813
8.815
8.818
8.821
8.824
8.827
8.830
8.833
8.835
8.839
8.841
8.844
8.847
8.850
8.853
8.855
8.859
8.861
8.864
8.867
8.870
8.873
8.875
8.879
8.881
8.884
8.887
8.890
8.893
8.896
8.898
8.901
8.904
8.907
8.910
8.913
8.916
8.918
8.921
8.924
8.927
8.930
8.933
8.936
8.938
8.941
8.944
8.947
8.950
8.953
8.955
8.958
8.961
8.964
8.967
8.970
8.973
8.975
8.978
8.981
8.984
8.987
8.990
8.992
8.996
8.998
9.001
9.004
9.007
9.009
9.012
9.015
9.018
9.021
9.024
9.027
9.029
9.032
9.035
9.038
9.041
9.044
9.046
9.049
9.052
9.055
9.058
9.061
9.063
9.066
9.069
9.072
9.075
9.078
9.080
9.083
9.086
9.089
9.092
9.095
9.097
9.100
9.103
9.106
9.109
9.112
9.114
9.117
9.120
9.123
9.126
9.129
9.131
9.134
9.137
9.140
9.143
9.146
9.148
9.151
9.154
9.157
9.159
9.163
9.165
9.168
9.171
9.174
9.176
9.180
9.182
9.185
9.188
9.191
9.193
9.196
9.199
9.202
9.205
9.208
9.210
9.213
9.216
9.219
9.221
9.224
9.227
9.230
9.233
9.236
9.238
9.241
9.244
9.247
9.249
9.253
9.255
9.258
9.261
9.264
9.266
9.269
9.272
9.275
9.277
9.280
9.283
9.286
9.289
9.292
9.294
9.297
9.300
9.303
9.305
9.308
9.311
9.314
9.316
9.319
9.322
9.325
9.328
9.330
9.333
9.336
9.339
9.342
9.344
9.347
9.350
9.353
9.355
9.358
9.361
9.364
9.367
9.369
9.372
9.375
9.377
9.380
9.383
9.386
9.389
9.391
9.394
9.397
9.400
9.402
9.405
9.408
9.411
9.413
9.416
9.419
9.422
9.424
9.427
9.430
9.432
9.435
9.438
9.441
9.443
9.446
9.449
9.452
9.454
9.457
9.460
9.463
9.465
9.468
9.471
9.474
9.476
9.479
9.481
9.484
9.487
9.490
9.492
9.495
9.498
9.501
9.503
9.506
9.509
9.511
9.514
9.517
9.520
9.522
9.525
9.528
9.530
9.533
9.536
9.538
9.541
9.544
9.546
9.549
9.552
9.555
9.557
9.560
9.563
9.565
9.568
9.571
9.573
9.576
9.579
9.581
9.584
9.587
9.590
9.592
9.595
9.597
9.600
9.603
9.606
9.608
9.611
9.614
9.616
9.619
9.621
9.624
9.627
9.630
9.632
9.635
9.637
9.640
9.643
9.645
9.648
9.651
9.654
9.656
9.659
9.661
9.664
9.667
9.669
9.672
9.675
9.677
9.680
9.683
9.685
9.688
9.691
9.693
9.696
9.698
9.701
9.704
9.706
9.709
9.712
9.714
9.717
9.720
9.722
9.725
9.727
9.730
9.733
9.735
9.738
9.740
9.743
9.746
9.748
9.751
9.754
9.756
9.759
9.761
9.764
9.767
9.769
9.772
9.774
9.777
9.780
9.782
9.785
9.787
9.790
9.793
9.795
9.798
9.800
9.803
9.806
9.808
9.811
9.813
9.816
9.818
9.821
9.823
9.826
9.829
9.832
9.834
9.837
9.839
9.842
9.845
9.847
9.850
9.852
9.855
9.857
9.860
9.863
9.865
9.868
9.870
9.873
9.875
9.878
9.881
9.883
9.886
9.888
9.891
9.893
9.896
9.899
9.901
9.903
9.906
9.908
9.911
9.914
9.916
9.919
9.921
9.924
9.926
9.929
9.932
9.934
9.937
9.939
9.942
9.944
9.947
9.949
9.952
9.955
9.957
9.960
9.962
9.965
9.967
9.970
9.973
9.975
9.978
9.980
9.982
9.985
9.987
9.990
9.993
9.995
9.998
10.000
10.003
10.005
10.008
10.010
10.013
10.015
10.018
10.021
10.023
10.026
10.028
10.031
10.033
10.036
10.038
10.041
10.043
10.046
10.048
10.051
10.053
10.056
10.058
10.061
10.064
10.066
10.068
10.071
10.073
10.076
10.078
10.081
10.084
10.086
10.089
10.091
10.094
10.096
10.098
10.101
10.103
10.106
10.108
10.111
10.113
10.116
10.119
10.121
10.124
10.126
10.129
10.131
10.133
10.136
10.139
10.141
10.144
10.146
10.149
10.151
10.154
10.156
10.158
10.161
10.163
10.166
10.168
10.171
10.173
10.176
10.179
10.181
10.184
10.186
10.188
10.191
10.193
10.196
10.198
10.201
10.203
10.206
10.208
10.211
10.213
10.216
10.218
10.221
10.223
10.226
10.228
10.231
10.233
10.236
10.238
10.240
10.243
10.245
10.248
10.250
10.253
10.255
10.258
10.260
10.262
10.265
10.267
10.270
10.272
10.275
10.277
10.280
10.282
10.285
10.287
10.290
10.292
10.295
10.297
10.300
10.302
10.305
10.307
10.309
10.312
10.314
10.317
10.319
10.322
10.324
10.327
10.329
10.331
10.334
10.336
10.339
10.341
10.344
10.346
10.349
10.351
10.353
10.356
10.358
10.361
10.363
10.366
10.368
10.371
10.373
10.375
10.378
10.380
10.383
10.385
10.388
10.390
10.393
10.395
10.397
10.400
10.402
10.405
10.407
10.410
10.412
10.415
10.417
10.419
10.422
10.424
10.426
10.429
10.431
10.434
10.436
10.438
10.441
10.443
10.446
10.448
10.451
10.453
10.456
10.458
10.460
10.463
10.465
10.468
10.470
10.473
10.475
10.478
10.480
10.482
10.484
10.487
10.489
10.492
10.494
10.497
10.499
10.502
10.504
10.506
10.509
10.511
10.514
10.516
10.518
10.521
10.523
10.525
10.528
10.530
10.533
10.535
10.538
10.540
10.543
10.545
10.547
10.550
10.552
10.554
10.557
10.559
10.562
10.564
10.567
10.569
10.571
10.574
10.576
10.578
10.581
10.583
10.586
10.588
10.591
10.593
10.595
10.597
10.600
10.602
10.605
10.607
10.610
10.612
10.615
10.617
10.619
10.621
10.624
10.626
10.629
10.631
10.634
10.636
10.638
10.640
10.643
10.645
10.648
10.650
10.652
10.655
10.657
10.660
10.662
10.664
10.667
10.669
10.671
10.674
10.676
10.679
10.681
10.683
10.686
10.688
10.690
10.693
10.695
10.697
10.700
10.702
10.705
10.707
10.709
10.712
10.714
10.716
10.719
10.721
10.723
10.726
10.728
10.731
10.733
10.736
10.738
10.740
10.742