5.642
5.633
5.669
5.712
5.758
5.806
5.855
5.905
5.956
6.009
6.062
6.118
6.175
6.235
6.296
6.358
6.422
6.486
6.551
6.615
6.680
6.745
6.809
6.873
6.937
7.000
7.063
7.125
7.187
7.248
7.308
7.368
7.427
7.486
7.543
7.600
7.657
7.712
7.767
7.821
7.874
7.927
7.979
8.030
8.081
8.131
8.180
8.229
8.277
8.325
8.372
8.418
8.464
8.509
8.554
8.598
8.642
8.684
8.727
8.769
8.811
8.852
8.893
8.933
8.973
9.013
9.052
9.090
9.128
9.166
9.203
9.240
9.277
9.313
9.349
9.385
9.420
9.455
9.489
9.523
9.557
9.590
9.624
9.657
9.689
9.721
9.753
9.785
9.816
9.848
9.879
9.909
9.940
9.970
10.000
10.029
10.058
10.088
10.117
10.146
10.174
10.203
10.230
10.259
10.286
10.314
10.341
10.368
10.395
10.422
10.449
10.475
10.501
10.528
10.553
10.580
10.605
10.630
10.656
10.681
10.706
10.731
10.756
10.780
10.805
10.829
10.854
10.878
10.901
10.925
10.949
10.973
10.996
11.020
11.043
11.066
11.089
11.112
11.134
11.157
11.180
11.202
11.224
11.247
11.269
11.291
11.313
11.335
11.356
11.378
11.399
11.421
11.442
11.463
11.484
11.505
11.526
11.546
11.567
11.588
11.608
11.629
11.649
11.669
11.689
11.710
11.729
11.749
11.769
11.789
11.809
11.828
11.848
11.867
11.886
11.905
11.925
11.944
11.963
11.982
12.001
12.019
12.038
12.057
12.076
12.094
12.113
12.131
12.149
12.168
12.186
12.204
12.222
12.240
12.258
12.275
12.293
12.311
12.329
12.346
12.364
12.382
12.399
12.416
12.433
12.451
12.468
12.485
12.502
12.519
12.536
12.553
12.569
12.586
12.603
12.619
12.636
12.652
12.669
12.685
12.701
12.718
12.734
12.750
12.766
12.782
12.799
12.815
12.830
12.847
12.862
12.878
12.894
12.909
12.925
12.940
12.956
12.971
12.987
13.003
13.018
13.033
13.048
13.063
13.079
13.094
13.109
13.124
13.139
13.154
13.169
13.183
13.198
13.213
13.228
13.243
13.258
13.272
13.287
13.301
13.316
13.331
13.345
13.359
13.374
13.388
13.402
13.417
13.431
13.445
13.459
13.473
13.488
13.502
13.516
13.530
13.544
13.558
13.572
13.586
13.600
13.614
13.628
13.641
13.655
13.669
13.683
13.696
13.710
13.724
13.737
13.751
13.765
13.778
13.792
13.805
13.818
13.832
13.845
13.859
13.872
13.885
13.899
13.912
13.925
13.939
13.952
13.965
13.978
13.991
14.004
14.018
14.031
14.043
14.057
14.070
14.083
14.095
14.109
14.121
14.135
14.147
14.160
14.173
14.186
14.199
14.212
14.225
14.237
14.250
14.263
14.276
14.288
14.301
14.313
14.326
14.339
14.351
14.364
14.377
14.389
14.402
14.414
14.427
14.439
14.452
14.465
14.477
14.490
14.502
14.514
14.527
14.539
14.552
14.564
14.576
14.589
14.601
14.613
14.626
14.638
14.650
14.663
14.675
14.688
14.700
14.712
14.724
14.736
14.749
14.761
14.773
14.785
14.797
14.810
14.822
14.834
14.846
14.858
14.871
14.882
14.894
14.907
14.919
14.930
14.943
14.955
14.967
14.979
14.991
15.003
15.015
15.027
15.039
15.051
15.063
15.075
15.087
15.099
15.111
15.123
15.135
15.146
15.158
15.170
15.182
15.194
15.206
15.218
15.230
15.241
15.254
15.265
15.277
15.289
15.301
15.313
15.325
15.337
15.349
15.360
15.372
15.383
15.395
15.407
15.419
15.431
15.443
15.454
15.466
15.478
15.490
15.502
15.513
15.525
15.537
15.549
15.560
15.572
15.584
15.596
15.607
15.619
15.631
15.642
15.654
15.666
15.677
15.689
15.701
15.712
15.724
15.736
15.747
15.760
15.771
15.783
15.794
15.806
15.818
15.829
15.841
15.853
15.864
15.876
15.887
15.899
15.911
15.923
15.934
15.946
15.957
15.969
15.980
15.992
16.004
16.016
16.027
16.039
16.050
16.062
16.073
16.085
16.097
16.108
16.120
16.132
16.143
16.154
16.167
16.178
16.190
16.201
16.213
16.225
16.236
16.248
16.259
16.271
16.283
16.294
16.305
16.317
16.329
16.340
16.352
16.364
16.375
16.387
16.398
16.410
16.421
16.433
16.445
16.456
16.467
16.479
16.491
16.502
16.514
16.526
16.537
16.548
16.560
16.572
16.583
16.595
16.607
16.618
16.630
16.641
16.653
16.665
16.676
16.687
16.699
16.711
16.722
16.734
16.745
16.757
16.769
16.780
16.792
16.803
16.815
16.827
16.838
16.850
16.861
16.872
16.884
16.896
16.908
16.919
16.930
16.942
16.953
16.965
16.977
16.989
17.000
17.011
17.023
17.034
17.046
17.058
17.070
17.081
17.093
17.104
17.116
17.127
17.139
17.150
17.162
17.173
17.185
17.197
17.209
17.220
17.232
17.243
17.255
17.266
17.278
17.290
17.301
17.313
17.325
17.336
17.348
17.360
17.371
17.383
17.394
17.406
17.417
17.429
17.441
17.452
17.464
17.475
17.487
17.499
17.511
17.522
17.534
17.546
17.557
17.569
17.581
17.592
17.604
17.616
17.627
17.639
17.650
17.662
17.674
17.685
17.697
17.709
17.720
17.732
17.744
17.756
17.767
17.779
17.791
17.803
17.815
17.826
17.838
17.850
17.861
17.873
17.885
17.896
17.908
17.920
17.932
17.943
17.955
17.967
17.978
17.990
18.002
18.013
18.025
18.037
18.049
18.060
18.073
18.084
18.096
18.108
18.120
18.132
18.143
18.155
18.167
18.179
18.191
18.202
18.214
18.226
18.238
18.249
18.261
18.273
18.285
18.296
18.308
18.320
18.332
18.344
18.355
18.367
18.379
18.391
18.403
18.415
18.426
18.438
18.450
18.462
18.474
18.485
18.497
18.509
18.521
18.533
18.545
18.557
18.569
18.581
18.593
18.604
18.616
18.628
18.640
18.652
18.664
18.675
18.687
18.699
18.711
18.723
18.735
18.747
18.758
18.770
18.782
18.794
18.806
18.818
18.830
18.842
18.853
18.865
18.877
18.889
18.901
18.913
18.925
18.937
18.949
18.960
18.972
18.984
18.996
19.008
19.020
19.032
19.044
19.056
19.068
19.079
19.091
19.103
19.115
19.127
19.139
19.151
19.163
19.175
19.187
19.199
19.211
19.223
19.234
19.246
19.258
19.270
19.282
19.294
19.306
19.318
19.330
19.342
19.354
19.366
19.378
19.390
19.402
19.413
19.425
19.437
19.449
19.461
19.472
19.484
19.496
19.508
19.520
19.532
19.544
19.556
19.568
19.580
19.592
19.603
19.615
19.627
19.639
19.651
19.663
19.675
19.687
19.698
19.710
19.722
19.733
19.745
19.757
19.769
19.781
19.793
19.804
19.816
19.828
19.840
19.852
19.864
19.875
19.887
19.899
19.911
19.923
19.935
19.947
19.958
19.970
19.982
19.994
20.005
20.017
20.029
20.041
20.052
20.063
20.075
20.087
20.099
20.110
20.122
20.134
20.146
20.158
20.169
20.181
20.193
20.204
20.216
20.228
20.240
20.251
20.263
20.275
20.286
20.298
20.310
20.321
20.332
20.344
20.356
20.367
20.379
20.391
20.402
20.414
20.426
20.437
20.449
20.461
20.472
20.484
20.495
20.507
20.519
20.530
20.542
20.553
20.564
20.576
20.587
20.599
20.610
20.622
20.634
20.645
20.657
20.668
20.680
20.691
20.703
20.715
20.725
20.737
20.748
20.760
20.771
20.783
20.794
20.806
20.817
20.829
20.840
20.852
20.863
20.875
20.886
20.897
20.909
20.920
20.931
20.943
20.954
20.966
20.977
20.989
21.000
21.012
21.022
21.034
21.045
21.056
21.068
21.079
21.091
21.102
21.113
21.125
21.136
21.148
21.158
21.170
21.181
21.192
21.204
21.215
21.226
21.238
21.249
21.260
21.271
21.282
21.294
21.305
21.316
21.328
21.339
21.350
21.362
21.373
21.384
21.395
21.406
21.417
21.429
21.440
21.451
21.462
21.474
21.485
21.496
21.507
21.518
21.529
21.541
21.552
21.563
21.574
21.586
21.596
21.607
21.619
21.630
21.641
21.652
21.664
21.675
21.686
21.696
21.707
21.719
21.730
21.741
21.752
21.764
21.775
21.785
21.796
21.807
21.819
21.830
21.841
21.852
21.864
21.874
21.885
21.896
21.907
21.919
21.930
21.941
21.951
21.962
21.974
21.985
21.996
22.007
22.018
22.028
22.039
22.051
22.062
22.073
22.084
22.095
22.106
22.117
22.128
22.139
22.150
22.161
22.171
22.183
22.194
22.205
22.216
22.227
22.237
22.248
22.259
22.271
22.281
22.293
22.303
22.314
22.325
22.336
22.347
22.358
22.369
22.380
22.391
22.402
22.413
22.423
22.434
22.445
22.456
22.468
22.478
22.489
22.500
22.511
22.522
22.532
22.543
22.554
22.566
22.577
22.587
22.598
22.609
22.620
22.630
22.641
22.652
22.663
22.674
22.685
22.696
22.707
22.718
22.729
22.739
22.750
22.761
22.772
22.782
22.793
22.805
22.816
22.826
22.837
22.848
22.859
22.870
22.880
22.891
22.902
22.913
22.924
22.935
22.946
22.957
22.967
22.978
22.989
23.000
23.010
23.021
23.032
23.043
23.054
23.065
23.076
23.087
23.097
23.108
23.119
23.130
23.140
23.151
23.162
23.172
23.184
23.194
23.205
23.216
23.227
23.238
23.249
23.259
23.270
23.281
23.292
23.302
23.314
23.324
23.334
23.346
23.357
23.368
23.378
23.389
23.400
23.410
23.421
23.432
23.443
23.454
23.465
23.476
23.486
23.497
23.508
23.519
23.529
23.540
23.551
23.562
23.573
23.584
23.595
23.605
23.616
23.627
23.637
23.648
23.659
23.670
23.681
23.692
23.703
23.713
23.724
23.735
23.745
23.756
23.767
23.778
23.789
23.800
23.810
23.821
23.832
23.843
23.854
23.865
23.876
23.886
23.897
23.908
23.918
23.929
23.941
23.951
23.962
23.973
23.983
23.994
24.005
24.016
24.027
24.038
24.048
24.059
24.070
24.081
24.092
24.103
24.114
24.124
24.135
24.146
24.156
24.168
24.179
24.189
24.200
24.211
24.222
24.233
24.244
24.254
24.265
24.276
24.286
24.298
24.309
24.319
24.330
24.342
24.352
24.363
24.374
24.384
24.395
24.407
24.417
24.428
24.439
24.449
24.461
24.472
24.482
24.493
24.504
24.515
24.526
24.537
24.547
24.559
24.570
24.581
24.591
24.603
24.614
24.624
24.635
24.646
24.657
24.668
24.679
24.689
24.701
24.712
24.722
24.733
24.744
24.755
24.766
24.777
24.787
24.799
24.810
24.821
24.831
24.843
24.854
24.864
24.875
24.887
24.897
24.908
24.919
24.930
24.941
24.952
24.964
24.974
24.985
24.997
25.007
25.018
25.029
25.040
25.051
25.062
25.073
25.084
25.095
25.106
25.117
25.128
25.139
25.151
25.161
25.172
25.183
25.194
25.205
25.216
25.228
25.238
25.249
25.261
25.271
25.282
25.293
25.305
25.315
25.326
25.338
25.349
25.359
25.371
25.382
25.392
25.404
25.415
25.426
25.437
25.448
25.459
25.471
25.481
25.492
25.504
25.515
25.525
25.537
25.548
25.559
25.570
25.581
25.592
25.604
25.614
25.626
25.637
25.648
25.660
25.670
25.681
25.693
25.704
25.714
25.726
25.737
25.749
25.760
25.770
25.782
25.793
25.805
25.815
25.826
25.838
25.849
25.860
25.871
25.882
25.894
25.905
25.916
25.927
25.938
25.950
25.961
25.972
25.983
25.994
26.006
26.017
26.028
26.039
26.050
26.061
26.073
26.085
26.096
26.106
26.118
26.129
26.140
26.152
26.163
26.174
26.185
26.197
26.208
26.220
26.231
26.241
26.253
26.264
26.276
26.287
26.299
26.310
26.320
26.332
26.343
26.355
26.366
26.378
26.388
26.400
26.411
26.422
26.434
26.445
26.457
26.468
26.479
26.490
26.502
26.513
26.525
26.536
26.548
26.559
26.570
26.581
26.593
26.604
26.615
26.627
26.639
26.650
26.662
26.672
26.683
26.695
26.706
26.718
26.730
26.741
26.752
26.764
26.776
26.786
26.797
26.809
26.821
26.832
26.844
26.855
26.867
26.878
26.890
26.901
26.913
26.924
26.935
26.946
26.958
26.969
26.981
26.992
27.004
27.016
27.027
27.039
27.050
27.062
27.073
27.085
27.096
27.107
27.118
27.130
27.142
27.153
27.165
27.176
27.188
27.199
27.211
27.223
27.234
27.246
27.257
27.269
27.281
27.292
27.304
27.315
27.327
27.338
27.350
27.362
27.373
27.385
27.396
27.408
27.419
27.431
27.442
27.453
27.465
27.477
27.488
27.500
27.511
27.523
27.535
27.546
27.558
27.570
27.581
27.593
27.605
27.616
27.628
27.639
27.651
27.663
27.674
27.686
27.698
27.709
27.721
27.733
27.744
27.756
27.768
27.780
27.792
27.804
27.815
27.827
27.839
27.851
27.862
27.874
27.886
27.897
27.909
27.921
27.932
27.944
27.956
27.967
27.979
27.991
28.002
28.014
28.026
28.038
28.049
28.061
28.073
28.084
28.096
28.108
28.120
28.131
28.143
28.156
28.168
28.179
28.191
28.203
28.215
28.226
28.238
28.250
28.262
28.273
28.285
28.297
28.308
28.320
28.332
28.344
28.356
28.369
28.381
28.392
28.404
28.416
28.428
28.439
28.451
28.463
28.475
28.486
28.498
28.510
28.522
28.533
28.546
28.558
28.570
28.582
28.594
28.606
28.617
28.629
28.641
28.653
28.665
28.677
28.688
28.701
28.713
28.725
28.737
28.748
28.760
28.772
28.784
28.796
28.808
28.819
28.831
28.843
28.856
28.868
28.880
28.892
28.904
28.916
28.927
28.939
28.951
28.963
28.975
28.988
29.000
29.012
29.024
29.035
29.047
29.059
29.071
29.083
29.095
29.107
29.120
29.132
29.144
29.156
29.167
29.179
29.191
29.203
29.215
29.227
29.240
29.252
29.264
29.276
29.288
29.300
29.312
29.324
29.336
29.348
29.360
29.373
29.385
29.396
29.408
29.420
29.432
29.444
29.456
29.468
29.481
29.493
29.505
29.517
29.529
29.541
29.553
29.565
29.577
29.589
29.602
29.614
29.626
29.638
29.650
29.662
29.674
29.686
29.698
29.711
29.723
29.735
29.747
29.759
29.771
29.783
29.795
29.807
29.820
29.832
29.844
29.856
29.868
29.880
29.893
29.905
29.916
29.930
29.942
29.954
29.966
29.978
29.990
30.002
30.014
30.026
30.039
30.051
30.063
30.075
30.087
30.099
30.111
30.123
30.136
30.149
30.161
30.173
30.185
30.197
30.209
30.221
30.233
30.245
30.258
30.271
30.282
30.294
30.307
30.319
30.331
30.343
30.355
30.368
30.380
30.392
30.404
30.416
30.429
30.441
30.453
30.465
30.478
30.490
30.502
30.514
30.526
30.539
30.551
30.563
30.575
30.588
30.600
30.613
30.625
30.637
30.649
30.661
30.673
30.685
30.699
30.711
30.723
30.735
30.747
30.759
30.771
30.784
30.796
30.809
30.821
30.834
30.846
30.858
30.870
30.882
30.894
30.906
30.920
30.932
30.944
30.956
30.969
30.981
30.993
31.005
31.017
31.029
31.042
31.055
31.067
31.079
31.091
31.103
31.115
31.128
31.140
31.153
31.166
31.178
31.190
31.202
31.214
31.227
31.239
31.251
31.263
31.277
31.289
31.301
31.313
31.326
31.338
31.350
31.362
31.374
31.386
31.400
31.412
31.424
31.436
31.449
31.461
31.473
31.485
31.498
31.510
31.523
31.535
31.548
31.560
31.572
31.584
31.597
31.609
31.621
31.633
31.646
31.659
31.671
31.683
31.696
31.708
31.720
31.732
31.745
31.757
31.769
31.781
31.795
31.807
31.820
31.832
31.844
31.856
31.869
31.881
31.893
31.905
31.917
31.931