57.457
57.639
57.822
58.002
58.184
58.366
58.548
58.727
58.909
59.090
59.271
59.450
59.631
59.812
59.993
60.152
60.312
60.472
60.630
60.787
60.943
61.098
61.252
61.404
61.557
61.707
61.858
62.006
62.155
62.302
62.447
62.592
62.736
62.878
63.020
63.160
63.299
63.436
63.575
63.710
63.844
63.979
64.111
64.241
64.373
64.503
64.630
64.758
64.885
65.009
65.133
65.257
65.379
65.501
65.621
65.741
65.859
65.977
66.093
66.211
66.326
66.440
66.555
66.668
66.780
66.893
67.004
67.116
67.225
67.335
67.445
67.551
67.660
67.767
67.874
67.977
68.083
68.187
68.291
68.394
68.496
68.598
68.698
68.798
68.898
68.996
69.094
69.194
69.290
69.386
69.481
69.577
69.671
69.764
69.859
69.950
70.044
70.134
70.226
70.315
70.406
70.493
70.583
70.669
70.757
70.844
70.929
71.015
71.100
71.183
71.267
71.351
71.434
71.516
71.596
71.677
71.758
71.838
71.917
71.996
72.075
72.152
72.230
72.306
72.382
72.458
72.533
72.607
72.681
72.755
72.828
72.900
72.974
73.046
73.117
73.187
73.257
73.330
73.399
73.467
73.536
73.606
73.674
73.740
73.810
73.876
73.944
74.010
74.074
74.142
74.206
74.272
74.336
74.402
74.464
74.529
74.591
74.656
74.720
74.781
74.844
74.904
74.967
75.029
75.088
75.150
75.212
75.270
75.331
75.392
75.452
75.512
75.569
75.628
75.688
75.747
75.805
75.861
75.919
75.977
76.035
76.093
76.150
76.207
76.264
76.321
76.377
76.434
76.490
76.546
76.601
76.657
76.712
76.767
76.822
76.877
76.931
76.988
77.043
77.097
77.151
77.204
77.258
77.314
77.367
77.420
77.473
77.529
77.581
77.634
77.686
77.741
77.793
77.845
77.900
77.952
78.003
78.058
78.109
78.163
78.214
78.265
78.319
78.370
78.423
78.474
78.527
78.577
78.630
78.681
78.733
78.783
78.836
78.886
78.938
78.988
79.040
79.090
79.142
79.194
79.243
79.295
79.347
79.396
79.447
79.496
79.548
79.599
79.648
79.699
79.750
79.801
79.850
79.901
79.952
80.003
80.051
80.101
80.152
80.203
80.250
80.301
80.351
80.401
80.452
80.499
80.549
80.599
80.649
80.699
80.749
80.799
80.848
80.895
80.945
80.994
81.044
81.093
81.143
81.192
81.241
81.290
81.339
81.388
81.437
81.486
81.534
81.583
81.632
81.680
81.729
81.777
81.825
81.874
81.922
81.970
82.018
82.066
82.114
82.165
82.213
82.260
82.308
82.355
82.403
82.450
82.498
82.548
82.595
82.643
82.690
82.737
82.784
82.834
82.880
82.927
82.974
83.020
83.070
83.117
83.163
83.209
83.259
83.305
83.351
83.397
83.447
83.493
83.539
83.587
83.633
83.679
83.725
83.773
83.819
83.865
83.913
83.959
84.004
84.052
84.098
84.143
84.191
84.236
84.281
84.329
84.374
84.422
84.467
84.512
84.559
84.604
84.652
84.696
84.741
84.788
84.833
84.880
84.925
84.972
85.016
85.063
85.108
85.152
85.199
85.243
85.290
85.334
85.381
85.424
85.471
85.515
85.562
85.605
85.652
85.696
85.742
85.786
85.832
85.875
85.922
85.968
86.011
86.058
86.101
86.147
86.190
86.236
86.279
86.325
86.371
86.413
86.459
86.502
86.548
86.593
86.636
86.682
86.724
86.769
86.815
86.857
86.903
86.948
86.990
87.035
87.077
87.123
87.168
87.210
87.255
87.300
87.342
87.386
87.431
87.473
87.518
87.562
87.604
87.649
87.693
87.735
87.779
87.824
87.865
87.909
87.954
87.998
88.039
88.083
88.128
88.169
88.213
88.257
88.301
88.342
88.386
88.430
88.473
88.514
88.558
88.602
88.645
88.686
88.730
88.773
88.817
88.857
88.901
88.944
88.988
89.028
89.071
89.115
89.158
89.201
89.241
89.284
89.328
89.371
89.414
89.454
89.497
89.540
89.583
89.626
89.665
89.708
89.751
89.794
89.837
89.879
89.919
89.961
90.004
90.047
90.089
90.132
90.171
90.214
90.256
90.298
90.341
90.383
90.425
90.465
90.507
90.549
90.591
90.633
90.675
90.718
90.756
90.798
90.840
90.882
90.924
90.966
91.008
91.050
91.092
91.130
91.172
91.214
91.255
91.297
91.339
91.380
91.422
91.463
91.505
91.546
91.588
91.626
91.667
91.709
91.750
91.791
91.833
91.874
91.915
91.956
91.997
92.038
92.079
92.120
92.161
92.202
92.243
92.284
92.322
92.363
92.403
92.444
92.485
92.526
92.566
92.607
92.648
92.688
92.729
92.769
92.810
92.850
92.891
92.931
92.972
93.012
93.052
93.093
93.133
93.173
93.213
93.254
93.294
93.334
93.374
93.414
93.454
93.494
93.534
93.574
93.614
93.654
93.694
93.733
93.773
93.813
93.853
93.892
93.932
93.972
94.011
94.051
94.090
94.130
94.173
94.212
94.252
94.291
94.330
94.370
94.409
94.448
94.488
94.527
94.566
94.605
94.645
94.684
94.723
94.762
94.801
94.840
94.879
94.918
94.960
94.999
95.038
95.077
95.116
95.155
95.193
95.232
95.271
95.310
95.348
95.387
95.426
95.464
95.506
95.545
95.583
95.622
95.660
95.699
95.737
95.776
95.814
95.853
95.891
95.933
95.971
96.009
96.047
96.086
96.124
96.162
96.200
96.238
96.276
96.318
96.356
96.394
96.432
96.470
96.508
96.546
96.584
96.622
96.663
96.701
96.738
96.776
96.814
96.852
96.889
96.927
96.965
97.006
97.043
97.081
97.118
97.156
97.193
97.231
97.268
97.309
97.347
97.384
97.421
97.459
97.496
97.533
97.574
97.611
97.649
97.686
97.723
97.760
97.797
97.834
97.875
97.912
97.949
97.986
98.023
98.060
98.097
98.137
98.174
98.211
98.248
98.285
98.322
98.359
98.399
98.436
98.473
98.509
98.546
98.583
98.620
98.660
98.696
98.733
98.770
98.806
98.843
98.879
98.919
98.956
98.992
99.029
99.065
99.102
99.138
99.178
99.214
99.251
99.287
99.323
99.360
99.396
99.436
99.472
99.508
99.545
99.581
99.617
99.653
99.693
99.729
99.765
99.801
99.837
99.873
99.909
99.948
99.984
100.020
99.356
99.392
99.428
99.464
99.503
99.539
99.575
99.611
99.646
99.682
99.718
99.757
99.793
99.828
99.864
99.900
99.935
99.971
100.006
100.045
100.081
100.116
100.152
100.187
100.223
100.258
100.297
100.332
100.367
100.403
100.438
100.473
100.508
100.543
100.582
100.617
100.652
100.687
100.722
100.757
100.792
100.831
100.866
100.901
100.936
100.971
101.005
101.040
101.075
101.113
101.148
101.183
101.218
101.252
101.287
101.321
101.356
101.391
101.429
101.463
101.498
101.532
101.567
101.601
101.636
101.670
101.704
101.742
101.777
101.811
101.845
101.879
101.913
101.948
101.982
102.016
102.050
102.088
102.122
102.156
102.190
102.224
102.258
102.292
102.326
102.360
102.394
102.428
102.465
102.499
102.533
102.567
102.600
102.634
102.668
102.701
102.735
102.769
102.802
102.836
102.873
102.907
102.940
102.974
103.007
103.040
103.074
103.107
103.141
103.174
103.207
103.241
103.274
103.307
103.340
103.377
103.410
103.443
103.477
103.510
103.543
103.576
103.609
103.642
103.675
103.708
103.741
103.774
103.807
103.839
103.872
103.905
103.938
103.971
104.003
104.036
104.069
104.105
104.138
104.170
104.203
104.235
104.268
104.300
104.333
104.365
104.398
104.430
104.463
104.495
104.527
104.560
104.592
104.624
104.657
104.689
104.721
104.753
104.785
104.817
104.849
104.882
104.914
104.946
104.978
105.010
105.042
105.074
105.105
105.137
105.169
105.201
105.233
105.265
105.297
105.328
105.360
105.392
105.423
105.455
105.487
105.518
105.550
105.582
105.613
105.645
105.676
105.708
105.739
105.771
105.798
105.830
105.861
105.892
105.924
105.955
105.986
106.018
106.049
106.080
106.111
106.143
106.174
106.205
106.236
106.267
106.298
106.329
106.360
106.391
106.419
106.450
106.481
106.512
106.542
106.573
106.604
106.635
106.666
106.697
106.727
106.758
106.789
106.820
106.847
106.877
106.908
106.939
106.969
107.000
107.030
107.061
107.092
107.122
107.153
107.179
107.210
107.240
107.271
107.301
107.332
107.362
107.392
107.423
107.453
107.480
107.510
107.540
107.570
107.601
107.631
107.661
107.691
107.718
107.748
107.778
107.808
107.838
107.868
107.898
107.928
107.954
107.984
108.014
108.044
108.074
108.104
108.134
108.160
108.190
108.220
108.250
108.280
108.310
108.339
108.365
108.395
108.425
108.455
108.484
108.514
108.540
108.570
108.599
108.629
108.659
108.688
108.714
108.744
108.773
108.803
108.833
108.858
108.888
108.917
108.947
108.976
109.006
109.032
109.061
109.090
109.120
109.149
109.175
109.204
109.234
109.263
109.292
109.318
109.347
109.377
109.406
109.435
109.461
109.490
109.519
109.549
109.574
109.603
109.632
109.661
109.691
109.716
109.745
109.774
109.804
109.829
109.858
109.887
109.916
109.945
109.970
110.000
110.028
110.058
110.083
110.112
110.141
110.170
110.195
110.224
110.253
110.282
110.307
110.336
110.365
110.394
110.419
110.447
110.476
110.505
110.530
110.559
110.588
110.613
110.642
110.670
110.699
110.724
110.753
110.782
110.810
110.835
110.864
110.893
110.917
110.946
110.975
111.003
111.028
111.057
111.085
111.110
111.139
111.167
111.196
111.221
111.249
111.278
111.302
111.331
111.359
111.384
111.413
111.441
111.470
111.494
111.523
111.551
111.576
111.604
111.632
111.657
111.685
111.714
111.738
111.767
111.795
111.819
111.848
111.876
111.901
111.929
111.957
111.982
112.010
112.038
112.063
112.091
112.119
112.143
112.172
112.200
112.224
112.252
112.281
112.305
112.333
112.361
112.385
112.414
112.442
112.466
112.494
112.522
112.546
112.574
112.602
112.627
112.655
112.679
112.707
112.735
112.759
112.787
112.815
112.839
112.867
112.895
112.919
112.947
112.971
112.999
113.027
113.051
113.079
113.107
113.131
113.159
113.183
113.210
113.238
113.262
113.290
113.314
113.342
113.369
113.393
113.421
113.445
113.473
113.500
113.524
113.552
113.580
113.604
113.631
113.655
113.683
113.710
113.734
113.762
113.785
113.813
113.837
113.864
113.892
113.916
113.943
113.967
113.994
114.022
114.046
114.073
114.097
114.124
114.152
114.175
114.203
114.226
114.254
114.277
114.305
114.332
114.356
114.383
114.406
114.434
114.457
114.485
114.512
114.535
114.563
114.586
114.614
114.637
114.664
114.691
114.715
114.742
114.765
114.793
114.816
114.843
114.866
114.894
114.921
114.944
114.971
114.994
115.022
115.045
115.072
115.095
115.122
115.145
115.172
115.200
115.223
115.250
115.273
115.300
115.323
115.350
115.373
115.400
115.423
115.450
115.477
115.500
115.527
115.550
115.577
115.600
115.627
115.650
115.677
115.699
115.726
115.749
115.776
115.799
115.826
115.849
115.875
115.902
115.925
115.952
115.975
116.001
116.024
116.051
116.074
116.100
116.123
116.150
116.172
116.199
116.222
116.249
116.271
116.298
116.321
116.347
116.370
116.396
116.419
116.446
116.468
116.495
116.517
116.544
116.567
116.593
116.620
116.642
116.669
116.691
116.718
116.740
116.767
116.789
116.816
116.838
116.865
116.887
116.913
116.936
116.962
116.985
117.011
117.033
117.060
117.082
117.108
117.131
117.157
117.180
117.206
117.228
117.254
117.277
117.303
117.325
117.348
117.374
117.396
117.422
117.445
117.471
117.493
117.519
117.541
117.568
117.590
117.616
117.638
117.664
117.686
117.713
117.735
117.761
117.783
117.809
117.831
117.857
117.879
117.905
117.928
117.954
117.976
118.002
118.024
118.050
118.072
118.098
118.120
118.142
118.168
118.190
118.216
118.238
118.264
118.286
118.312
118.334
118.360
118.381
118.407
118.429
118.455
118.477
118.503
118.525
118.551
118.573
118.599
118.621
118.642
118.668
118.690
118.716
118.738
118.764
118.785
118.811
118.833
118.859
118.881
118.906
118.928
118.954
118.976
118.998
119.023
119.045
119.071
119.093
119.118
119.140
119.166
119.188
119.213
119.235
119.261
119.283
119.308
119.330
119.352
119.377
119.399
119.425
119.446
119.472
119.494
119.519
119.541
119.567
119.588
119.614
119.636
119.657
119.683
119.704
119.730
119.752
119.777
119.799
119.825
119.846
119.872
119.893
119.915
119.940
119.962
119.988
120.009
120.035
120.056
120.082
120.104
120.129
120.151
120.172
120.198
120.219
120.245
120.266
120.292
120.313
120.339
120.360
120.386
120.407
120.429
120.455
120.476
120.502
120.523
120.548
120.570
120.596
120.617
120.638
120.664
120.685
120.711
120.732
120.758
120.779
120.805
120.826
120.848
120.873
120.894
120.920
120.941
120.967
120.988
121.014
121.035
121.061
121.082
121.103
121.129
121.150
121.176
121.197
121.223
121.244
121.270
121.291
121.312
121.338
121.359
121.385
121.406
121.431
121.453
121.478
121.500
121.521
121.546
121.568
121.593
121.614
121.640
121.661
121.683
121.708
121.729
121.755
121.776
121.802
121.823
121.848
121.870
121.891
121.916
121.938
121.963
121.985
122.010
122.031
122.057
122.078
122.099
122.125
122.146
122.171
122.193
122.218
122.239
122.261
122.286
122.307
122.333
122.354
122.380
122.401
122.426
122.448
122.469
122.494
122.516
122.541
122.562
122.588
122.609
122.630
122.656
122.677
122.702
122.724
122.749
122.770
122.796
122.817
122.838
122.864
122.885
122.910
122.932
122.957
122.978
122.999
123.025
123.046
123.072
123.093
123.118
123.139
123.161
123.186
123.207
123.233
123.254
123.279
123.301
123.322
123.347
123.368
123.394
123.415
123.441
123.462
123.483
123.508
123.530
123.555
123.576
123.602
123.623
123.648
123.669
123.691
123.716
123.737
123.763
123.784
123.809
123.830
123.852
123.877
123.898
123.924
123.945
123.966
123.991
124.013
124.038
124.059
124.085
124.106
124.127
124.152
124.174
124.199
124.220
124.246
124.267
124.288
124.313
124.334
124.360
124.381
124.407
124.428
124.449
124.474
124.495
124.521
124.542
124.567
124.589
124.610
124.635
124.656
124.682
124.703
124.728
124.749
124.770
124.796
124.817
124.842
124.864
124.885
124.910
124.931
124.957
124.978
125.003
125.024
125.046
125.071
125.092
125.117
125.139
125.160
125.185
125.206
125.232
125.253
125.278
125.299
125.320
125.346
125.367
125.392
125.413
125.439
125.460
125.481
125.506
125.528
125.553
125.574
125.595
125.621
125.642
125.667
125.688
125.714
125.735
125.756
125.781
125.802
125.828
125.849
125.870
125.895
125.916
125.942
125.963
125.984
126.009
126.031
126.056
126.077
126.102
126.124
126.145
126.170
126.191
126.216
126.238
126.259
126.284
126.305
126.331
126.352
126.373
126.398
126.419
126.444
126.466
126.491
126.512
126.533
126.559
126.580
126.605
126.626
126.647
126.673
126.694
126.719
126.740
126.761
126.787
126.808
126.833
126.854
126.875
126.900
126.922
126.947
126.968
126.993
127.015
127.036
127.061
127.082
127.107
127.128
127.150
127.175
127.196
127.221
127.242
127.263
127.289
127.310
127.335
127.356
127.377
127.403
127.424
127.449
127.470
127.491
127.517
127.538
127.563
127.584
127.605
127.630
127.651
127.677
127.698
127.719
127.744
127.765
127.791
127.812
127.833
127.858
127.879
127.905
127.925
127.946
127.972
127.993
128.018
128.039
128.060
128.086
128.107
128.132
128.153
128.174
128.199
128.220
128.246
128.267
128.288
128.313
128.334
128.359
128.380
128.401
128.427
128.448
128.473
128.494
128.515
128.540
128.561
128.587
128.608
128.629
128.654
128.675
128.700
128.721
128.742
128.768
128.788
128.814
128.835
128.856
128.881
128.902
128.927
128.948
128.969
128.995
129.016
129.036
129.062
129.083
129.108
129.129
129.150
129.175