42.312
42.481
42.650
42.822
42.991
43.161
43.331
43.503
43.673
43.844
44.014
44.187
44.357
44.528
44.699
44.844
44.985
45.126
45.267
45.406
45.545
45.683
45.820
45.957
46.090
46.225
46.357
46.491
46.621
46.751
46.882
47.011
47.138
47.264
47.390
47.515
47.639
47.762
47.882
48.003
48.124
48.241
48.360
48.479
48.594
48.708
48.824
48.936
49.048
49.162
49.272
49.382
49.491
49.599
49.706
49.813
49.919
50.024
50.129
50.230
50.334
50.437
50.537
50.639
50.741
50.839
50.940
51.037
51.137
51.233
51.330
51.427
51.522
51.617
51.711
51.807
51.899
51.992
52.084
52.175
52.266
52.356
52.446
52.535
52.623
52.712
52.799
52.884
52.971
53.057
53.142
53.225
53.310
53.394
53.475
53.558
53.638
53.721
53.800
53.881
53.960
54.040
54.117
54.197
54.273
54.349
54.427
54.502
54.576
54.653
54.727
54.800
54.873
54.945
55.019
55.091
55.162
55.232
55.302
55.372
55.441
55.510
55.579
55.647
55.714
55.782
55.848
55.915
55.981
56.047
56.112
56.177
56.239
56.303
56.367
56.430
56.494
56.554
56.616
56.679
56.740
56.799
56.861
56.922
56.980
57.040
57.097
57.157
57.217
57.273
57.332
57.388
57.447
57.502
57.560
57.615
57.672
57.727
57.781
57.837
57.891
57.947
58.000
58.053
58.109
58.161
58.213
58.268
58.320
58.371
58.423
58.474
58.528
58.579
58.629
58.680
58.730
58.783
58.833
58.882
58.932
58.982
59.031
59.080
59.129
59.177
59.226
59.275
59.323
59.371
59.419
59.467
59.515
59.562
59.610
59.657
59.704
59.749
59.795
59.842
59.889
59.936
59.982
60.026
60.072
60.118
60.164
60.207
60.253
60.299
60.344
60.387
60.432
60.478
60.520
60.565
60.610
60.652
60.697
60.739
60.784
60.828
60.870
60.915
60.956
61.000
61.042
61.086
61.127
61.171
61.212
61.256
61.297
61.341
61.381
61.425
61.466
61.509
61.550
61.590
61.633
61.674
61.714
61.757
61.797
61.840
61.880
61.920
61.963
62.003
62.043
62.083
62.126
62.165
62.205
62.244
62.287
62.326
62.366
62.405
62.447
62.487
62.526
62.565
62.604
62.646
62.685
62.724
62.763
62.802
62.840
62.879
62.918
62.959
62.998
63.037
63.075
63.113
63.152
63.190
63.228
63.267
63.305
63.343
63.381
63.419
63.457
63.495
63.533
63.570
63.608
63.646
63.683
63.721
63.758
63.796
63.833
63.871
63.908
63.942
63.979
64.017
64.054
64.091
64.128
64.165
64.202
64.235
64.272
64.309
64.346
64.382
64.419
64.452
64.489
64.525
64.561
64.598
64.631
64.667
64.703
64.740
64.773
64.809
64.845
64.881
64.913
64.949
64.985
65.018
65.053
65.089
65.125
65.157
65.193
65.228
65.260
65.296
65.331
65.363
65.399
65.434
65.466
65.501
65.536
65.568
65.603
65.635
65.670
65.705
65.736
65.771
65.803
65.837
65.872
65.904
65.938
65.970
66.004
66.036
66.070
66.101
66.136
66.170
66.201
66.235
66.266
66.301
66.332
66.366
66.397
66.431
66.462
66.496
66.526
66.560
66.591
66.625
66.655
66.689
66.720
66.750
66.784
66.814
66.848
66.878
66.911
66.942
66.975
67.005
67.035
67.069
67.099
67.132
67.162
67.192
67.225
67.255
67.288
67.318
67.347
67.380
67.410
67.440
67.472
67.502
67.535
67.564
67.594
67.626
67.655
67.685
67.717
67.747
67.776
67.808
67.837
67.867
67.899
67.928
67.957
67.989
68.018
68.047
68.079
68.108
68.136
68.165
68.197
68.226
68.255
68.286
68.315
68.343
68.372
68.404
68.432
68.461
68.489
68.520
68.549
68.577
68.605
68.637
68.665
68.693
68.721
68.753
68.781
68.809
68.837
68.868
68.896
68.924
68.952
68.979
69.010
69.038
69.066
69.094
69.121
69.152
69.180
69.207
69.235
69.263
69.293
69.321
69.348
69.376
69.403
69.430
69.461
69.488
69.515
69.543
69.570
69.597
69.627
69.655
69.682
69.709
69.736
69.763
69.790
69.820
69.847
69.874
69.901
69.927
69.954
69.981
70.011
70.038
70.064
70.091
70.118
70.144
70.171
70.197
70.224
70.254
70.280
70.307
70.333
70.359
70.386
70.412
70.438
70.465
70.491
70.517
70.543
70.573
70.599
70.625
70.651
70.677
70.703
70.729
70.755
70.781
70.807
70.832
70.858
70.884
70.910
70.936
70.961
70.987
71.016
71.042
71.067
71.093
71.118
71.144
71.169
71.195
71.220
71.246
71.271
71.296
71.322
71.347
71.372
71.398
71.423
71.448
71.473
71.498
71.523
71.549
71.574
71.599
71.624
71.649
71.673
71.698
71.723
71.748
71.773
71.798
71.823
71.847
71.872
71.897
71.921
71.946
71.971
71.995
72.020
72.044
72.069
72.093
72.118
72.142
72.163
72.188
72.212
72.236
72.261
72.285
72.309
72.333
72.357
72.382
72.406
72.430
72.454
72.478
72.502
72.526
72.550
72.574
72.598
72.622
72.642
72.666
72.690
72.714
72.738
72.761
72.785
72.809
72.832
72.856
72.880
72.903
72.927
72.951
72.971
72.994
73.018
73.041
73.065
73.088
73.112
73.135
73.158
73.182
73.205
73.225
73.248
73.271
73.295
73.318
73.341
73.364
73.387
73.410
73.433
73.453
73.476
73.499
73.522
73.545
73.568
73.591
73.614
73.637
73.656
73.679
73.702
73.724
73.747
73.770
73.793
73.815
73.838
73.857
73.880
73.902
73.925
73.947
73.970
73.992
74.015
74.034
74.056
74.079
74.101
74.124
74.146
74.168
74.187
74.209
74.232
74.254
74.276
74.298
74.320
74.343
74.361
74.383
74.405
74.428
74.450
74.472
74.494
74.512
74.534
74.556
74.578
74.600
74.622
74.644
74.662
74.684
74.706
74.727
74.749
74.771
74.793
74.811
74.833
74.854
74.876
74.898
74.919
74.941
74.959
74.981
75.002
75.024
75.045
75.067
75.088
75.106
75.127
75.149
75.170
75.192
75.213
75.234
75.252
75.273
75.295
75.316
75.337
75.358
75.379
75.397
75.418
75.439
75.461
75.482
75.503
75.524
75.541
75.562
75.583
74.904
74.925
74.946
74.967
74.984
75.005
75.026
75.047
75.068
75.089
75.109
75.127
75.147
75.168
75.189
75.209
75.230
75.251
75.271
75.288
75.309
75.329
75.350
75.370
75.391
75.411
75.428
75.449
75.469
75.489
75.510
75.530
75.550
75.571
75.587
75.607
75.628
75.648
75.668
75.688
75.708
75.725
75.745
75.765
75.785
75.805
75.825
75.845
75.865
75.881
75.901
75.921
75.941
75.960
75.980
76.000
76.020
76.039
76.056
76.075
76.095
76.115
76.134
76.154
76.173
76.193
76.212
76.228
76.248
76.267
76.287
76.306
76.326
76.345
76.364
76.384
76.403
76.419
76.438
76.457
76.476
76.496
76.515
76.534
76.553
76.572
76.591
76.610
76.626
76.645
76.664
76.683
76.702
76.721
76.740
76.759
76.778
76.796
76.815
76.834
76.849
76.868
76.887
76.905
76.924
76.943
76.962
76.980
76.999
77.017
77.036
77.055
77.073
77.092
77.110
77.125
77.143
77.162
77.180
77.199
77.217
77.235
77.254
77.272
77.290
77.308
77.327
77.345
77.363
77.381
77.399
77.417
77.436
77.454
77.472
77.490
77.508
77.522
77.540
77.558
77.576
77.594
77.612
77.630
77.647
77.665
77.683
77.701
77.718
77.736
77.754
77.772
77.789
77.807
77.824
77.842
77.860
77.877
77.895
77.912
77.930
77.947
77.965
77.982
78.000
78.017
78.034
78.052
78.069
78.086
78.104
78.121
78.138
78.155
78.172
78.190
78.207
78.224
78.241
78.258
78.275
78.292
78.309
78.326
78.343
78.360
78.377
78.394
78.411
78.428
78.449
78.466
78.482
78.499
78.516
78.533
78.550
78.566
78.583
78.600
78.616
78.633
78.650
78.666
78.683
78.700
78.716
78.733
78.749
78.766
78.786
78.803
78.819
78.835
78.852
78.868
78.885
78.901
78.917
78.934
78.950
78.966
78.983
78.999
79.019
79.035
79.051
79.068
79.084
79.100
79.116
79.132
79.148
79.164
79.180
79.200
79.216
79.232
79.248
79.264
79.280
79.296
79.312
79.328
79.344
79.363
79.379
79.395
79.411
79.427
79.443
79.458
79.474
79.494
79.509
79.525
79.541
79.556
79.572
79.588
79.603
79.623
79.638
79.654
79.669
79.685
79.701
79.716
79.735
79.751
79.766
79.782
79.797
79.813
79.828
79.847
79.863
79.878
79.894
79.909
79.924
79.943
79.959
79.974
79.989
80.005
80.020
80.039
80.054
80.069
80.085
80.100
80.119
80.134
80.149
80.164
80.179
80.194
80.213
80.228
80.244
80.259
80.274
80.292
80.308
80.323
80.338
80.353
80.371
80.386
80.401
80.416
80.431
80.450
80.465
80.480
80.495
80.513
80.528
80.543
80.558
80.573
80.591
80.606
80.621
80.636
80.654
80.669
80.684
80.699
80.713
80.732
80.747
80.761
80.776
80.795
80.809
80.824
80.838
80.857
80.872
80.886
80.901
80.919
80.934
80.948
80.963
80.981
80.996
81.010
81.025
81.043
81.058
81.072
81.090
81.105
81.119
81.134
81.152
81.166
81.181
81.195
81.214
81.228
81.242
81.260
81.275
81.289
81.303
81.322
81.336
81.350
81.368
81.383
81.397
81.411
81.429
81.444
81.458
81.476
81.490
81.504
81.522
81.536
81.551
81.565
81.583
81.597
81.611
81.629
81.643
81.657
81.675
81.689
81.703
81.721
81.735
81.749
81.767
81.781
81.795
81.813
81.827
81.841
81.859
81.873
81.887
81.905
81.919
81.932
81.950
81.964
81.978
81.996
82.010
82.024
82.041
82.055
82.069
82.087
82.100
82.114
82.132
82.146
82.160
82.177
82.191
82.205
82.222
82.236
82.254
82.267
82.281
82.299
82.313
82.326
82.344
82.357
82.371
82.389
82.402
82.420
82.433
82.447
82.464
82.478
82.492
82.509
82.523
82.540
82.554
82.567
82.585
82.598
82.616
82.629
82.643
82.660
82.673
82.691
82.704
82.718
82.735
82.749
82.762
82.779
82.793
82.810
82.823
82.837
82.854
82.867
82.885
82.898
82.915
82.928
82.942
82.959
82.972
82.990
83.003
83.016
83.033
83.046
83.064
83.077
83.090
83.107
83.120
83.138
83.151
83.168
83.181
83.194
83.211
83.224
83.241
83.254
83.272
83.285
83.298
83.315
83.328
83.345
83.358
83.375
83.388
83.401
83.418
83.431
83.448
83.461
83.478
83.491
83.507
83.520
83.533
83.550
83.563
83.580
83.593
83.610
83.623
83.639
83.652
83.669
83.682
83.695
83.712
83.724
83.741
83.754
83.771
83.783
83.800
83.813
83.829
83.842
83.855
83.872
83.884
83.901
83.914
83.930
83.943
83.960
83.972
83.989
84.002
84.018
84.031
84.047
84.060
84.076
84.089
84.102
84.118
84.131
84.147
84.160
84.176
84.189
84.205
84.218
84.234
84.247
84.263
84.276
84.292
84.304
84.321
84.333
84.350
84.362
84.379
84.391
84.407
84.420
84.436
84.448
84.465
84.477
84.493
84.506
84.518
84.534
84.547
84.563
84.575
84.592
84.604
84.620
84.632
84.649
84.661
84.677
84.689
84.706
84.718
84.734
84.746
84.762
84.774
84.791
84.803
84.819
84.831
84.847
84.859
84.875
84.888
84.904
84.916
84.932
84.948
84.960
84.976
84.988
85.004
85.016
85.032
85.044
85.060
85.072
85.088
85.100
85.116
85.128
85.144
85.156
85.172
85.184
85.200
85.212
85.228
85.240
85.256
85.268
85.284
85.296
85.311
85.323
85.339
85.351
85.367
85.379
85.395
85.411
85.422
85.438
85.450
85.466
85.478
85.494
85.505
85.521
85.533
85.549
85.560
85.576
85.588
85.604
85.616
85.631
85.643
85.659
85.671
85.686
85.702
85.714
85.729
85.741
85.757
85.769
85.784
85.796
85.812
85.823
85.839
85.851
85.866
85.878
85.894
85.909
85.921
85.936
85.948
85.964
85.975
85.991
86.002
86.018
86.030
86.045
86.057
86.072
86.084
86.100
86.115
86.127
86.142
86.154
86.169
86.181
86.197
86.208
86.224
86.235
86.251
86.262
86.278
86.293
86.305
86.320
86.332
86.347
86.359
86.374
86.386
86.401
86.412
86.428
86.444
86.455
86.470
86.482
86.497
86.509
86.524
86.536
86.551
86.562
86.578
86.593
86.605
86.620
86.632
86.647
86.658
86.674
86.685
86.701
86.712
86.727
86.743
86.754
86.770
86.781
86.796
86.808
86.823
86.834
86.850
86.865
86.876
86.892
86.903
86.918
86.930
86.945
86.956
86.972
86.987
86.998
87.014
87.025
87.040
87.052
87.067
87.078
87.094
87.105
87.120
87.136
87.147
87.162
87.173
87.189
87.200
87.215
87.226
87.242
87.257
87.268
87.284
87.295
87.310
87.321
87.337
87.348
87.363
87.378
87.389
87.405
87.416
87.431
87.442
87.458
87.473
87.484
87.499
87.511
87.526
87.537
87.552
87.563
87.579
87.594
87.605
87.620
87.632
87.647
87.658
87.673
87.684
87.700
87.715
87.726
87.741
87.752
87.768
87.779
87.794
87.809
87.820
87.836
87.847
87.862
87.873
87.888
87.899
87.915
87.930
87.941
87.956
87.967
87.982
87.993
88.009
88.024
88.035
88.050
88.061
88.076
88.088
88.103
88.114
88.129
88.144
88.155
88.171
88.181
88.197
88.208
88.223
88.238
88.249
88.264
88.275
88.291
88.302
88.317
88.332
88.343
88.358
88.369
88.384
88.395
88.411
88.426
88.437
88.452
88.463
88.478
88.489
88.504
88.519
88.530
88.546
88.557
88.572
88.583
88.598
88.609
88.624
88.639
88.650
88.665
88.676
88.691
88.702
88.718
88.733
88.744
88.759
88.770
88.785
88.800
88.811
88.826
88.837
88.852
88.863
88.878
88.893
88.904
88.919
88.930
88.946
88.956
88.972
88.987
88.998
89.013
89.024
89.039
89.050
89.065
89.080
89.091
89.106
89.117
89.132
89.143
89.158
89.173
89.184
89.199
89.210
89.225
89.236
89.251
89.266
89.277
89.292
89.303
89.318
89.333
89.344
89.359
89.370
89.385
89.396
89.411
89.426
89.437
89.452
89.463
89.478
89.493
89.504
89.519
89.530
89.545
89.556
89.571
89.586
89.597
89.612
89.622
89.638
89.648
89.663
89.679
89.689
89.704
89.715
89.730
89.745
89.756
89.771
89.782
89.797
89.808
89.823
89.838
89.849
89.864
89.874
89.890
89.905
89.915
89.930
89.941
89.956
89.971
89.982
89.997
90.008
90.023
90.034
90.049
90.064
90.074
90.090
90.100
90.115
90.130
90.141
90.156
90.167
90.182
90.197
90.208
90.223
90.233
90.248
90.259
90.274
90.289
90.300
90.315
90.326
90.341
90.356
90.366
90.381
90.392
90.407
90.422
90.433
90.448
90.458
90.473
90.488
90.499
90.514
90.525
90.540
90.551
90.565
90.580
90.591
90.606
90.617
90.632
90.647
90.657
90.672
90.683
90.698
90.713
90.724
90.739
90.749
90.764
90.779
90.790
90.805
90.816
90.831
90.846
90.856
90.871
90.882
90.897
90.912
90.922
90.937
90.948
90.963
90.978
90.988
91.003
91.014
91.029
91.044
91.055
91.069
91.080
91.095
91.110
91.121
91.136
91.146
91.161
91.176
91.187
91.201
91.212
91.227
91.242
91.252
91.267
91.278
91.293
91.308
91.318
91.333
91.344
91.359
91.374
91.384
91.399
91.410
91.425
91.440
91.450
91.465
91.475
91.490
91.505
91.516
91.531
91.541
91.556
91.571
91.581
91.596
91.607
91.622
91.637
91.647
91.662
91.673
91.687
91.702
91.713
91.728
91.743
91.753
91.768
91.778
91.793
91.808
91.819