1.671
1.635
1.643
1.656
1.672
1.689
1.708
1.727
1.748
1.769
1.791
1.814
1.837
1.861
1.885
1.910
1.935
1.961
1.987
2.013
2.039
2.064
2.090
2.116
2.142
2.167
2.193
2.218
2.243
2.268
2.293
2.317
2.341
2.365
2.389
2.413
2.436
2.459
2.482
2.505
2.527
2.550
2.572
2.594
2.615
2.637
2.658
2.679
2.700
2.720
2.741
2.761
2.781
2.801
2.821
2.840
2.860
2.879
2.898
2.916
2.935
2.953
2.972
2.990
3.008
3.026
3.044
3.061
3.079
3.096
3.113
3.130
3.147
3.163
3.180
3.196
3.213
3.229
3.245
3.261
3.277
3.292
3.308
3.323
3.339
3.354
3.369
3.384
3.399
3.414
3.428
3.443
3.457
3.472
3.486
3.500
3.515
3.528
3.542
3.556
3.570
3.583
3.597
3.610
3.624
3.637
3.650
3.663
3.676
3.689
3.702
3.714
3.727
3.739
3.752
3.764
3.776
3.789
3.801
3.813
3.825
3.837
3.848
3.860
3.872
3.883
3.895
3.906
3.918
3.929
3.940
3.951
3.962
3.973
3.984
3.995
4.006
4.017
4.027
4.038
4.048
4.059
4.069
4.079
4.090
4.100
4.110
4.120
4.130
4.140
4.149
4.159
4.169
4.179
4.188
4.198
4.207
4.217
4.226
4.235
4.245
4.254
4.263
4.272
4.281
4.290
4.299
4.308
4.317
4.326
4.334
4.343
4.352
4.360
4.369
4.377
4.386
4.394
4.403
4.411
4.419
4.427
4.436
4.444
4.452
4.460
4.468
4.476
4.484
4.492
4.500
4.507
4.515
4.523
4.531
4.538
4.546
4.553
4.561
4.569
4.576
4.583
4.591
4.598
4.606
4.613
4.620
4.627
4.635
4.642
4.649
4.656
4.663
4.670
4.677
4.684
4.691
4.698
4.705
4.711
4.718
4.725
4.732
4.739
4.745
4.752
4.759
4.765
4.772
4.778
4.785
4.791
4.798
4.804
4.810
4.817
4.823
4.830
4.836
4.842
4.849
4.855
4.861
4.867
4.873
4.879
4.885
4.892
4.898
4.904
4.910
4.916
4.922
4.928
4.934
4.940
4.945
4.951
4.957
4.963
4.969
4.975
4.980
4.986
4.992
4.998
5.003
5.009
5.015
5.020
5.026
5.031
5.037
5.043
5.048
5.054
5.059
5.065
5.070
5.076
5.081
5.086
5.092
5.097
5.103
5.108
5.113
5.119
5.124
5.130
5.135
5.140
5.145
5.151
5.156
5.161
5.166
5.171
5.177
5.182
5.187
5.192
5.197
5.202
5.208
5.213
5.218
5.223
5.228
5.233
5.238
5.243
5.248
5.253
5.258
5.264
5.269
5.274
5.278
5.283
5.289
5.293
5.298
5.303
5.308
5.313
5.318
5.323
5.328
5.333
5.338
5.343
5.347
5.352
5.357
5.362
5.367
5.372
5.377
5.381
5.386
5.391
5.396
5.401
5.405
5.410
5.415
5.420
5.425
5.429
5.434
5.439
5.444
5.448
5.453
5.458
5.462
5.467
5.472
5.477
5.482
5.486
5.491
5.496
5.500
5.505
5.510
5.514
5.519
5.524
5.528
5.533
5.538
5.542
5.547
5.552
5.556
5.561
5.565
5.570
5.575
5.579
5.584
5.589
5.593
5.598
5.602
5.607
5.612
5.616
5.621
5.626
5.630
5.635
5.639
5.644
5.649
5.653
5.658
5.662
5.667
5.671
5.676
5.681
5.685
5.690
5.694
5.699
5.703
5.708
5.712
5.717
5.722
5.726
5.731
5.735
5.740
5.744
5.749
5.753
5.758
5.762
5.767
5.771
5.776
5.780
5.785
5.789
5.794
5.799
5.803
5.807
5.812
5.817
5.821
5.825
5.830
5.835
5.839
5.844
5.848
5.853
5.857
5.862
5.866
5.870
5.875
5.880
5.884
5.889
5.893
5.897
5.902
5.906
5.911
5.915
5.920
5.924
5.929
5.933
5.938
5.942
5.947
5.951
5.956
5.960
5.964
5.969
5.973
5.978
5.982
5.987
5.991
5.996
6.000
6.005
6.009
6.014
6.018
6.022
6.027
6.031
6.036
6.040
6.045
6.049
6.053
6.058
6.062
6.067
6.071
6.076
6.080
6.085
6.089
6.094
6.098
6.102
6.107
6.111
6.116
6.120
6.124
6.129
6.133
6.138
6.142
6.146
6.151
6.155
6.160
6.164
6.168
6.173
6.177
6.182
6.186
6.191
6.195
6.199
6.204
6.208
6.212
6.217
6.221
6.226
6.230
6.234
6.239
6.243
6.247
6.252
6.256
6.261
6.265
6.269
6.274
6.278
6.282
6.287
6.291
6.296
6.300
6.304
6.308
6.313
6.317
6.322
6.326
6.330
6.335
6.339
6.343
6.348
6.352
6.356
6.361
6.365
6.369
6.374
6.378
6.382
6.387
6.391
6.395
6.400
6.404
6.408
6.412
6.417
6.421
6.425
6.430
6.434
6.438
6.443
6.447
6.451
6.455
6.460
6.464
6.468
6.473
6.477
6.481
6.485
6.490
6.494
6.498
6.502
6.507
6.511
6.515
6.520
6.524
6.528
6.532
6.537
6.541
6.545
6.549
6.554
6.558
6.562
6.566
6.571
6.575
6.579
6.584
6.588
6.592
6.596
6.600
6.605
6.609
6.613
6.617
6.622
6.626
6.630
6.634
6.639
6.643
6.647
6.651
6.656
6.660
6.664
6.668
6.672
6.677
6.681
6.685
6.689
6.693
6.698
6.702
6.706
6.710
6.715
6.719
6.723
6.727
6.731
6.736
6.740
6.744
6.748
6.752
6.756
6.761
6.765
6.769
6.773
6.778
6.782
6.786
6.790
6.794
6.798
6.803
6.807
6.811
6.815
6.819
6.824
6.828
6.832
6.836
6.840
6.844
6.849
6.853
6.857
6.861
6.865
6.870
6.874
6.878
6.882
6.886
6.890
6.894
6.899
6.903
6.907
6.911
6.915
6.920
6.924
6.928
6.932
6.936
6.940
6.944
6.949
6.953
6.957
6.961
6.965
6.969
6.974
6.978
6.982
6.986
6.990
6.994
6.999
7.003
7.007
7.011
7.015
7.019
7.024
7.028
7.032
7.036
7.040
7.044
7.048
7.052
7.057
7.061
7.065
7.069
7.073
7.077
7.081
7.085
7.090
7.094
7.098
7.102
7.106
7.110
7.114
7.118
7.123
7.127
7.131
7.135
7.139
7.143
7.147
7.151
7.155
7.160
7.164
7.168
7.172
7.176
7.180
7.184
7.188
7.193
7.197
7.201
7.205
7.209
7.213
7.217
7.221
7.225
7.229
7.234
7.238
7.242
7.246
7.250
7.254
7.258
7.262
7.266
7.270
7.274
7.278
7.282
7.286
7.290
7.295
7.299
7.303
7.307
7.311
7.315
7.319
7.323
7.327
7.331
7.335
7.339
7.343
7.347
7.351
7.355
7.359
7.363
7.367
7.371
7.375
7.379
7.383
7.387
7.391
7.395
7.399
7.403
7.407
7.411
7.415
7.419
7.423
7.427
7.431
7.435
7.439
7.442
7.446
7.450
7.454
7.458
7.462
7.466
7.470
7.474
7.478
7.482
7.486
7.490
7.494
7.497
7.501
7.505
7.509
7.513
7.517
7.521
7.525
7.529
7.533
7.537
7.540
7.544
7.548
7.552
7.556
7.560
7.564
7.567
7.571
7.575
7.579
7.583
7.587
7.590
7.594
7.598
7.602
7.606
7.609
7.613
7.617
7.621
7.624
7.628
7.632
7.636
7.640
7.643
7.647
7.651
7.655
7.658
7.662
7.666
7.670
7.673
7.677
7.681
7.685
7.688
7.692
7.696
7.700
7.703
7.707
7.711
7.714
7.718
7.722
7.725
7.729
7.733
7.736
7.740
7.744
7.747
7.751
7.755
7.758
7.762
7.766
7.769
7.773
7.777
7.780
7.784
7.788
7.791
7.795
7.798
7.802
7.806
7.809
7.813
7.816
7.820
7.824
7.827
7.831
7.834
7.838
7.842
7.845
7.849
7.852
7.856
7.859
7.863
7.866
7.870
7.873
7.877
7.880
7.884
7.888
7.891
7.895
7.898
7.902
7.905
7.909
7.912
7.916
7.919
7.922
7.926
7.929
7.933
7.936
7.940
7.943
7.947
7.950
7.954
7.957
7.961
7.964
7.968
7.971
7.974
7.978
7.981
7.985
7.988
7.992
7.995
7.998
8.002
8.005
8.009
8.012
8.015
8.019
8.022
8.026
8.029
8.032
8.036
8.039
8.043
8.046
8.049
8.052
8.056
8.059
8.063
8.066
8.069
8.073
8.076
8.079
8.083
8.086
8.089
8.093
8.096
8.100
8.103
8.106
8.109
8.113
8.116
8.119
8.123
8.126
8.129
8.133
8.136
8.139
8.142
8.146
8.149
8.153
8.156
8.159
8.162
8.165
8.169
8.172
8.175
8.179
8.182
8.185
8.188
8.192
8.195
8.198
8.201
8.205
8.208
8.211
8.215
8.218
8.221
8.224
8.228
8.231
8.234
8.237
8.240
8.244
8.247
8.250
8.253
8.256
8.260
8.263
8.266
8.270
8.273
8.276
8.279
8.282
8.285
8.288
8.292
8.295
8.298
8.301
8.305
8.308
8.311
8.314
8.317
8.321
8.324
8.327
8.330
8.333
8.337
8.340
8.343
8.346
8.349
8.352
8.355
8.359
8.362
8.365
8.368
8.371
8.374
8.377
8.381
8.384
8.387
8.390
8.393
8.396
8.399
8.403
8.406
8.409
8.412
8.415
8.418
8.421
8.424
8.428
8.430
8.434
8.437
8.440
8.443
8.446
8.449
8.452
8.456
8.459
8.462
8.465
8.468
8.471
8.474
8.477
8.480
8.483
8.486
8.489
8.493
8.495
8.499
8.502
8.505
8.508
8.511
8.514
8.517
8.520
8.523
8.526
8.529
8.532
8.535
8.538
8.541
8.544
8.547
8.551
8.553
8.557
8.560
8.563
8.566
8.568
8.572
8.575
8.578
8.581
8.584
8.587
8.590
8.593
8.596
8.599
8.602
8.605
8.608
8.611
8.614
8.617
8.620
8.623
8.626
8.629
8.632
8.635
8.638
8.641
8.644
8.646
8.650
8.653
8.655
8.659
8.661
8.665
8.667
8.671
8.673
8.676
8.679
8.682
8.685
8.688
8.691
8.694
8.697
8.700
8.703
8.706
8.709
8.711
8.715
8.717
8.720
8.723
8.726
8.729
8.732
8.735
8.738
8.741
8.744
8.747
8.749
8.753
8.755
8.758
8.761
8.764
8.767
8.770
8.772
8.776
8.778
8.781
8.784
8.787
8.790
8.793
8.796
8.799
8.801
8.804
8.807
8.810
8.813
8.816
8.818
8.822
8.824
8.827
8.830
8.833
8.836
8.839
8.841
8.844
8.847
8.850
8.853
8.856
8.858
8.861
8.864
8.867
8.870
8.873
8.875
8.878
8.881
8.884
8.887
8.890
8.892
8.895
8.898
8.901
8.903
8.906
8.909
8.912
8.915
8.918
8.920
8.923
8.926
8.929
8.932
8.934
8.937
8.940
8.943
8.945
8.948
8.951
8.954
8.956
8.959
8.962
8.965
8.967
8.970
8.973
8.976
8.978
8.981
8.984
8.987
8.990
8.992
8.995
8.998
9.000
9.003
9.006
9.009
9.011
9.014
9.017
9.020
9.022
9.025
9.028
9.031
9.033
9.036
9.039
9.042
9.044
9.047
9.050
9.053
9.055
9.058
9.061
9.063
9.066
9.069
9.071
9.074
9.077
9.080
9.082
9.085
9.088
9.090
9.093
9.096
9.098
9.101
9.104
9.107
9.109
9.112
9.114
9.117
9.120
9.123
9.125
9.128
9.131
9.133
9.136
9.139
9.141
9.144
9.147
9.149
9.152
9.155
9.157
9.160
9.163
9.165
9.168
9.170
9.173
9.176
9.179
9.181
9.184
9.187
9.189
9.192
9.195
9.197
9.200
9.203
9.205
9.208
9.210
9.213
9.216
9.218
9.221
9.224
9.227
9.229
9.232
9.234
9.237
9.240
9.242
9.245
9.248
9.250
9.253
9.256
9.258
9.261
9.263
9.266
9.269
9.271
9.274
9.276
9.279
9.282
9.284
9.287
9.290
9.292
9.295
9.297
9.300
9.303
9.305
9.308
9.311
9.313
9.316
9.319
9.321
9.324
9.326
9.329
9.332
9.334
9.337
9.340
9.342
9.345
9.347
9.350
9.353
9.355
9.358
9.360
9.363
9.366
9.368
9.371
9.373
9.376
9.379
9.381
9.384
9.386
9.389
9.392
9.394
9.397
9.399
9.402
9.404
9.407
9.410
9.412
9.415
9.417
9.420
9.423
9.425
9.428
9.431
9.433
9.436
9.438
9.441
9.444
9.446
9.449
9.451
9.454
9.456
9.459
9.462
9.464
9.467
9.469
9.472
9.475
9.477
9.480
9.483
9.485
9.488
9.490
9.493
9.495
9.498
9.500
9.503
9.506
9.508
9.511
9.513
9.516
9.519
9.521
9.524
9.526
9.529
9.532
9.534
9.537
9.539
9.542
9.544
9.547
9.549
9.552
9.555
9.557
9.560
9.562
9.565
9.567
9.570
9.573
9.575
9.578
9.580
9.583
9.585
9.588
9.591
9.593
9.596
9.598
9.601
9.604
9.606
9.609
9.611
9.614
9.616
9.619
9.622
9.624
9.627
9.629
9.632
9.634
9.637
9.640
9.642
9.645
9.648
9.650
9.652
9.655
9.658
9.660
9.663
9.665
9.668
9.671
9.673
9.675
9.678
9.681
9.683
9.686
9.688
9.691
9.694
9.696
9.699
9.702
9.704
9.706
9.709
9.712
9.714
9.717
9.719
9.722
9.724
9.727
9.730
9.732
9.735
9.737
9.740
9.742
9.745
9.747
9.750
9.753
9.755
9.758
9.760
9.763
9.766
9.768
9.770
9.773
9.776
9.779
9.781
9.783
9.786
9.788
9.791
9.794
9.796
9.799
9.801
9.804
9.806
9.809
9.812
9.814
9.817
9.819
9.822
9.824
9.827
9.829
9.832
9.834
9.837
9.840
9.842
9.845
9.847
9.850
9.852
9.855
9.858
9.860
9.863
9.865
9.868
9.870
9.873
9.875
9.878
9.881
9.883
9.886
9.888
9.891
9.893
9.896
9.898
9.901
9.904
9.906
9.909
9.911
9.914
9.916
9.919
9.921
9.924
9.927
9.929
9.932
9.934
9.936
9.939
9.941
9.944
9.947
9.949
9.952
9.955
9.957
9.960
9.962
9.964
9.967
9.969
9.972
9.974
9.977
9.980
9.982
9.985
9.987
9.990
9.992
9.995
9.998
10.000
10.003
10.005
10.008
10.010
10.013
10.015
10.017
10.020
10.022
10.025
10.028
10.030
10.033
10.035
10.038
10.040
10.043
10.045
10.048
10.050
10.053
10.055
10.058
10.060
10.063
10.066
10.068
10.070
10.073
10.075
10.078
10.080
10.083
10.085
10.088
10.090
10.093
10.096
10.098
10.101
10.103
10.105
10.108
10.110
10.113
10.115
10.118
10.120
10.123
10.125
10.128
10.130
10.133
10.135
10.138
10.141
10.143
10.146
10.148
10.151
10.153
10.155
10.158
10.160
10.163
10.165
10.168
10.170
10.173
10.175
10.178
10.180
10.183
10.185
10.188
10.190
10.193
10.195
10.197
10.200
10.202
10.205
10.207
10.210
10.212
10.215
10.217
10.220
10.222
10.225
10.227
10.229
10.232
10.235
10.237
10.239
10.242
10.244
10.247
10.249
10.252
10.254
10.257
10.259
10.262
10.264
10.266
10.269
10.271
10.274
10.276
10.279
10.281
10.284
10.286
10.288
10.291
10.294
10.296
10.298
10.301
10.303
10.306
10.308
10.311
10.313
10.315
10.318
10.320
10.323
10.325
10.328
10.330
10.332
10.335
10.337
10.340
10.342
10.344
10.347
10.350
10.352
10.354
10.357
10.359
10.362
10.364
10.366
10.369
10.371
10.374
10.376
10.378
10.381
10.383
10.386
10.388
10.391
10.393
10.395
10.398
10.400
10.403
10.405
10.408
10.410
10.412
10.414
10.417
10.420
10.422
10.424
10.427
10.429
10.432
10.434
10.436