5.356
5.398
5.443
5.489
5.537
5.585
5.633
5.682
5.731
5.780
5.831
5.883
5.936
5.991
6.047
6.104
6.162
6.221
6.279
6.338
6.397
6.456
6.514
6.572
6.630
6.687
6.745
6.801
6.857
6.912
6.967
7.022
7.075
7.129
7.181
7.233
7.285
7.336
7.386
7.436
7.486
7.534
7.583
7.631
7.678
7.725
7.771
7.817
7.863
7.908
7.952
7.996
8.040
8.084
8.127
8.169
8.211
8.253
8.294
8.335
8.376
8.416
8.457
8.496
8.536
8.575
8.614
8.652
8.690
8.728
8.766
8.804
8.841
8.878
8.914
8.951
8.987
9.022
9.058
9.093
9.128
9.163
9.198
9.232
9.266
9.300
9.334
9.367
9.401
9.433
9.466
9.499
9.531
9.563
9.596
9.627
9.659
9.690
9.722
9.753
9.784
9.814
9.845
9.875
9.905
9.935
9.965
9.994
10.024
10.053
10.082
10.111
10.139
10.168
10.197
10.225
10.253
10.281
10.309
10.336
10.364
10.391
10.418
10.445
10.472
10.498
10.525
10.551
10.577
10.603
10.629
10.655
10.681
10.706
10.731
10.756
10.781
10.806
10.831
10.856
10.880
10.905
10.929
10.953
10.976
11.001
11.024
11.048
11.071
11.095
11.118
11.141
11.164
11.187
11.209
11.232
11.255
11.277
11.299
11.322
11.344
11.366
11.388
11.409
11.431
11.453
11.474
11.496
11.517
11.538
11.560
11.581
11.602
11.623
11.644
11.664
11.685
11.706
11.726
11.746
11.767
11.787
11.807
11.828
11.847
11.868
11.888
11.907
11.927
11.947
11.967
11.986
12.005
12.025
12.044
12.064
12.083
12.102
12.121
12.140
12.159
12.178
12.197
12.216
12.234
12.254
12.272
12.291
12.309
12.327
12.346
12.364
12.383
12.401
12.419
12.437
12.455
12.473
12.491
12.509
12.527
12.545
12.563
12.580
12.598
12.615
12.633
12.651
12.668
12.686
12.703
12.720
12.738
12.755
12.772
12.789
12.806
12.823
12.841
12.857
12.874
12.891
12.908
12.925
12.942
12.958
12.975
12.992
13.008
13.025
13.041
13.057
13.074
13.090
13.107
13.123
13.139
13.155
13.172
13.188
13.204
13.220
13.235
13.252
13.268
13.283
13.299
13.315
13.331
13.346
13.362
13.378
13.393
13.409
13.425
13.440
13.455
13.471
13.487
13.501
13.517
13.532
13.548
13.563
13.578
13.593
13.608
13.624
13.638
13.653
13.668
13.683
13.699
13.713
13.728
13.743
13.758
13.773
13.788
13.802
13.817
13.832
13.846
13.861
13.875
13.890
13.904
13.919
13.934
13.948
13.962
13.977
13.991
14.006
14.020
14.034
14.048
14.063
14.077
14.091
14.105
14.119
14.134
14.148
14.162
14.176
14.190
14.204
14.218
14.232
14.246
14.260
14.274
14.288
14.301
14.315
14.329
14.343
14.357
14.370
14.384
14.398
14.411
14.425
14.439
14.453
14.466
14.480
14.493
14.507
14.521
14.534
14.548
14.561
14.575
14.588
14.602
14.614
14.628
14.642
14.655
14.668
14.682
14.695
14.708
14.721
14.735
14.748
14.761
14.775
14.788
14.801
14.815
14.827
14.841
14.853
14.867
14.880
14.893
14.906
14.919
14.932
14.945
14.958
14.971
14.984
14.997
15.010
15.023
15.036
15.049
15.062
15.075
15.088
15.100
15.113
15.126
15.139
15.152
15.165
15.177
15.190
15.203
15.215
15.228
15.241
15.253
15.267
15.279
15.292
15.305
15.317
15.329
15.343
15.355
15.367
15.380
15.393
15.405
15.418
15.430
15.443
15.455
15.468
15.481
15.493
15.506
15.518
15.530
15.543
15.556
15.568
15.580
15.592
15.605
15.618
15.630
15.642
15.654
15.667
15.680
15.692
15.704
15.716
15.728
15.741
15.754
15.766
15.778
15.790
15.802
15.815
15.827
15.839
15.852
15.863
15.876
15.888
15.901
15.913
15.925
15.937
15.949
15.961
15.973
15.985
15.998
16.010
16.022
16.034
16.046
16.058
16.071
16.082
16.095
16.107
16.120
16.132
16.144
16.156
16.168
16.180
16.192
16.204
16.216
16.228
16.240
16.252
16.264
16.276
16.288
16.300
16.312
16.324
16.336
16.348
16.361
16.373
16.385
16.397
16.409
16.421
16.433
16.445
16.457
16.469
16.481
16.493
16.505
16.517
16.529
16.541
16.553
16.565
16.577
16.589
16.600
16.612
16.625
16.637
16.649
16.661
16.673
16.685
16.696
16.708
16.720
16.733
16.745
16.757
16.768
16.780
16.792
16.804
16.816
16.828
16.840
16.852
16.864
16.876
16.887
16.899
16.912
16.924
16.936
16.947
16.959
16.971
16.983
16.995
17.007
17.019
17.030
17.043
17.054
17.067
17.078
17.090
17.102
17.114
17.125
17.138
17.150
17.162
17.173
17.185
17.198
17.209
17.221
17.233
17.245
17.257
17.269
17.280
17.292
17.304
17.316
17.328
17.340
17.352
17.364
17.376
17.388
17.399
17.411
17.423
17.435
17.447
17.459
17.471
17.483
17.494
17.507
17.518
17.530
17.542
17.554
17.566
17.578
17.589
17.602
17.614
17.625
17.637
17.649
17.661
17.673
17.685
17.697
17.709
17.721
17.732
17.745
17.757
17.768
17.781
17.792
17.804
17.817
17.828
17.840
17.852
17.864
17.876
17.888
17.900
17.912
17.924
17.936
17.948
17.960
17.972
17.984
17.995
18.008
18.020
18.032
18.044
18.056
18.068
18.080
18.092
18.103
18.116
18.127
18.140
18.152
18.164
18.176
18.188
18.200
18.212
18.224
18.237
18.248
18.261
18.272
18.285
18.296
18.309
18.320
18.333
18.345
18.357
18.369
18.381
18.393
18.406
18.418
18.430
18.442
18.454
18.466
18.478
18.490
18.502
18.515
18.527
18.539
18.551
18.563
18.575
18.588
18.600
18.612
18.624
18.636
18.649
18.660
18.673
18.685
18.697
18.710
18.721
18.734
18.747
18.758
18.771
18.782
18.795
18.807
18.819
18.832
18.844
18.856
18.868
18.881
18.892
18.905
18.918
18.929
18.942
18.955
18.966
18.979
18.991
19.003
19.016
19.028
19.041
19.052
19.065
19.078
19.089
19.102
19.114
19.127
19.139
19.151
19.164
19.175
19.188
19.201
19.213
19.225
19.237
19.250
19.262
19.274
19.287
19.299
19.312
19.324
19.336
19.349
19.361
19.374
19.386
19.398
19.411
19.423
19.436
19.448
19.460
19.473
19.485
19.498
19.510
19.522
19.535
19.547
19.560
19.573
19.584
19.597
19.609
19.622
19.634
19.647
19.659
19.671
19.684
19.696
19.709
19.721
19.734
19.747
19.759
19.772
19.783
19.796
19.808
19.821
19.834
19.846
19.859
19.871
19.884
19.896
19.909
19.921
19.934
19.946
19.958
19.970
19.983
19.995
20.008
20.020
20.033
20.045
20.058
20.071
20.083
20.096
20.108
20.121
20.133
20.145
20.158
20.170
20.183
20.195
20.208
20.220
20.234
20.246
20.259
20.271
20.283
20.296
20.309
20.321
20.333
20.346
20.358
20.370
20.383
20.396
20.409
20.421
20.433
20.446
20.458
20.471
20.483
20.495
20.509
20.521
20.533
20.546
20.558
20.570
20.583
20.596
20.608
20.621
20.633
20.645
20.659
20.671
20.683
20.695
20.708
20.721
20.733
20.746
20.758
20.770
20.783
20.796
20.808
20.820
20.833
20.845
20.858
20.870
20.883
20.895
20.908
20.920
20.933
20.945
20.957
20.970
20.983
20.995
21.007
21.020
21.032
21.044
21.058
21.070
21.082
21.095
21.107
21.119
21.132
21.144
21.157
21.170
21.182
21.194
21.207
21.219
21.231
21.244
21.256
21.269
21.281
21.293
21.306
21.318
21.331
21.344
21.355
21.369
21.381
21.393
21.406
21.419
21.431
21.443
21.456
21.467
21.480
21.492
21.505
21.517
21.530
21.542
21.555
21.567
21.580
21.592
21.605
21.617
21.630
21.642
21.655
21.667
21.679
21.691
21.704
21.716
21.729
21.741
21.754
21.767
21.778
21.791
21.803
21.816
21.828
21.841
21.854
21.866
21.878
21.890
21.903
21.916
21.928
21.940
21.952
21.965
21.978
21.990
22.003
22.014
22.027
22.040
22.052
22.065
22.077
22.089
22.102
22.115
22.127
22.140
22.152
22.164
22.177
22.189
22.201
22.214
22.227
22.239
22.251
22.264
22.277
22.289
22.301
22.314
22.327
22.339
22.351
22.364
22.377
22.389
22.402
22.414
22.427
22.439
22.452
22.464
22.477
22.489
22.501
22.514
22.527
22.540
22.551
22.564
22.577
22.590
22.602
22.614
22.627
22.640
22.652
22.665
22.678
22.689
22.702
22.715
22.728
22.740
22.753
22.766
22.778
22.790
22.803
22.816
22.829
22.841
22.854
22.867
22.880
22.893
22.904
22.917
22.930
22.942
22.955
22.968
22.981
22.993
23.006
23.019
23.031
23.044
23.057
23.070
23.082
23.095
23.108
23.121
23.133
23.145
23.158
23.171
23.183
23.196
23.209
23.223
23.236
23.248
23.261
23.274
23.287
23.300
23.312
23.325
23.338
23.351
23.363
23.376
23.389
23.402
23.415
23.428
23.440
23.453
23.467
23.480
23.492
23.505
23.518
23.531
23.544
23.557
23.569
23.583
23.596
23.609
23.622
23.634
23.647
23.660
23.674
23.687
23.700
23.712
23.725
23.738
23.752
23.765
23.778
23.790
23.803
23.817
23.830
23.843
23.856
23.869
23.883
23.895
23.908
23.921
23.934
23.948
23.961
23.974
23.986
24.001
24.013
24.026
24.040
24.053
24.066
24.079
24.093
24.106
24.118
24.132
24.145
24.158
24.171
24.185
24.198
24.211
24.225
24.238
24.251
24.265
24.278
24.290
24.305
24.317
24.331
24.344
24.357
24.370
24.384
24.397
24.411
24.424
24.437
24.451
24.464
24.477
24.491
24.504
24.518
24.531
24.544
24.558
24.571
24.585
24.598
24.612
24.625
24.638
24.652
24.665
24.679
24.692
24.706
24.719
24.733
24.746
24.760
24.773
24.786
24.800
24.813
24.827
24.840
24.854
24.867
24.881
24.894
24.908
24.921
24.935
24.948
24.963
24.975
24.990
25.004
25.017
25.031
25.044
25.058
25.071
25.085
25.098
25.112
25.125
25.139
25.152
25.166
25.181
25.194
25.208
25.221
25.235
25.248
25.262
25.276
25.289
25.304
25.317
25.331
25.345
25.358
25.372
25.385
25.399
25.413
25.427
25.441
25.455
25.468
25.482
25.495
25.510
25.524
25.536
25.551
25.565
25.578
25.592
25.607
25.620
25.634
25.648
25.661
25.675
25.688
25.703
25.717
25.731
25.744
25.758
25.772
25.785
25.800
25.814
25.827
25.841
25.855
25.869
25.883
25.897
25.910
25.925
25.939
25.953
25.966
25.980
25.995
26.008
26.022
26.036
26.049
26.063
26.078
26.092
26.105
26.119
26.134
26.148
26.161
26.175
26.190
26.203
26.217
26.231
26.246
26.259
26.273
26.287
26.301
26.315
26.329
26.343
26.357
26.370
26.385
26.399
26.414
26.427
26.441
26.455
26.469
26.484
26.497
26.511
26.526
26.540
26.553
26.567
26.582
26.596
26.609
26.624
26.638
26.652
26.666
26.680
26.694
26.709
26.723
26.736
26.750
26.764
26.779
26.793
26.807
26.821
26.835
26.850
26.864
26.877
26.891
26.906
26.920
26.935
26.948
26.962
26.977
26.991
27.004
27.018
27.033
27.047
27.061
27.075
27.089
27.104
27.118
27.133
27.146
27.160
27.174
27.189
27.203
27.216
27.231
27.245
27.259
27.274
27.289
27.302
27.316
27.331
27.345
27.359
27.373
27.387
27.402
27.416
27.431
27.444
27.458
27.473
27.487
27.502
27.515
27.529
27.544
27.558
27.573
27.586
27.601
27.615
27.629
27.644
27.657
27.672
27.686
27.701
27.715
27.728
27.743
27.757
27.772
27.786
27.800
27.814
27.828
27.843
27.858
27.871
27.886
27.900
27.915
27.929
27.943
27.957
27.972
27.986
28.001
28.014
28.028
28.043
28.058
28.071
28.085
28.100
28.115
28.129
28.143
28.157
28.172
28.186
28.201
28.214
28.229
28.244
28.258
28.272
28.286
28.300
28.315
28.330
28.343
28.358
28.373
28.387
28.400
28.415
28.430
28.444
28.459
28.473
28.487
28.501
28.516
28.530
28.545
28.559
28.574
28.588
28.602
28.616
28.631
28.646
28.659
28.674
28.689
28.703
28.717
28.731
28.746
28.761
28.774
28.789
28.803
28.819
28.832
28.847
28.861
28.876
28.890
28.904
28.919
28.934
28.949
28.962
28.976
28.992
29.006
29.020
29.034
29.049
29.063
29.077
29.092
29.107
29.121
29.135
29.150
29.165
29.178
29.193
29.208
29.223
29.236
29.251
29.266
29.281
29.295
29.309
29.324
29.338
29.353
29.367
29.382
29.396
29.410
29.426
29.440
29.454
29.469
29.483
29.497
29.512
29.527
29.542
29.556
29.570
29.585
29.599
29.614
29.629
29.643
29.657
29.672
29.687
29.701
29.715
29.731
29.744
29.759
29.774
29.789
29.803
29.817
29.833
29.846
29.861
29.876
29.889
29.905
29.920
29.933
29.948
29.963
29.978
29.992
30.007
30.022
30.036
30.050
30.066
30.079
30.094
30.109
30.123
30.138
30.153
30.167
30.182
30.197
30.211
30.225
30.241
30.254
30.270
30.284
30.298
30.313
30.328
30.342
30.357
30.372
30.386
30.401
30.415
30.430
30.445
30.459
30.474
30.489
30.503
30.518
30.533
30.547
30.562
30.577
30.591
30.606
30.620
30.635
30.650
30.664
30.679
30.694
30.708
30.723
30.737
30.752
30.767
30.781
30.796
30.812
30.825
30.841
30.854
30.869
30.885
30.898
30.914
30.927
30.943
30.958
30.972
30.987
31.000
31.016
31.031
31.045
31.060
31.074
31.089
31.104
31.119
31.134
31.148
31.163
31.177
31.192
31.207
31.221
31.236
31.250
31.265
31.281
31.295
31.310
31.324
31.339
31.353
31.368
31.384
31.397
31.413
31.427
31.442
31.456
31.471
31.485
31.500
31.516
31.530
31.545
31.559
31.574
31.588
31.603
31.618
31.633
31.648
31.662
31.677
31.691
31.706
31.721
31.736
31.750
31.765
31.779
31.795
31.810
31.824
31.839
31.853
31.868
31.882
31.898
31.912
31.927
31.941
31.957
31.970
31.986
32.000
32.015
32.029
32.044
32.059
32.074
32.088
32.103
32.119
32.133
32.148
32.162
32.177
32.191
32.207
32.221
32.236
32.250
32.266
32.280
32.295
32.309
32.324
32.339
32.354
32.368
32.383
32.398
32.413
32.427
32.442
32.456
32.472
32.486
32.501
32.515
32.530
32.545
32.559
32.574
32.588
32.604
32.618
32.633
32.647
32.662
32.677
32.692
32.706
32.722
32.735
32.751
32.765
32.781
32.795
32.810
32.824
32.838
32.854
32.867
32.883
32.897
32.913
32.927
32.942
32.956
32.972
32.986
33.001
33.016
33.029
33.045
33.059
33.074
33.089
33.104
33.118
33.134
33.147
33.162
33.177
33.191
33.207
33.221
33.236
33.250
33.266
33.280
33.294
33.310
33.323
33.339
33.353
33.369
33.383
33.397
33.412
33.426
33.442
33.456
33.472
33.486
33.500
33.515
33.529
33.545
33.559
33.573
33.589
33.603
33.618
33.632
33.648
33.662
33.676
33.692
33.706
33.721
33.735
33.749
33.765
33.779
33.795
33.809
33.823
33.838
33.853
33.868
33.882
33.896
33.912
33.926
33.941
33.956
33.970
33.986
33.999
34.013
34.029
34.043
34.059
34.073
34.087
34.103
34.116
34.132
34.146
34.161
34.176
34.190
34.204
34.220
34.234
34.249
34.263
34.278
34.293
34.307
34.321
34.337
34.351
34.367
34.381
34.395
34.411
34.425
34.439
34.455
34.468
34.484
34.498
34.513
34.528
34.542
34.556
34.572
34.586
34.600
34.616