41.697
41.854
42.011
42.166
42.324
42.481
42.639
42.796
42.954
43.112
43.268
43.426
43.584
43.742
43.901
44.027
44.152
44.277
44.400
44.525
44.646
44.769
44.889
45.008
45.127
45.246
45.363
45.479
45.594
45.708
45.822
45.934
46.044
46.155
46.266
46.375
46.482
46.590
46.698
46.802
46.908
47.011
47.115
47.217
47.320
47.420
47.519
47.620
47.718
47.815
47.912
48.010
48.105
48.200
48.294
48.387
48.479
48.571
48.663
48.753
48.844
48.933
49.022
49.111
49.199
49.284
49.371
49.457
49.543
49.628
49.711
49.795
49.879
49.960
50.043
50.125
50.205
50.286
50.365
50.446
50.523
50.603
50.680
50.758
50.834
50.912
50.987
51.062
51.138
51.212
51.288
51.361
51.433
51.508
51.580
51.651
51.722
51.795
51.865
51.935
52.005
52.074
52.145
52.213
52.281
52.349
52.416
52.483
52.550
52.616
52.685
52.750
52.816
52.880
52.945
53.009
53.073
53.137
53.200
53.263
53.325
53.385
53.447
53.508
53.570
53.631
53.691
53.752
53.812
53.871
53.928
53.987
54.046
54.105
54.163
54.218
54.276
54.333
54.391
54.447
54.501
54.558
54.614
54.667
54.723
54.778
54.831
54.886
54.940
54.992
55.046
55.100
55.151
55.205
55.258
55.308
55.361
55.411
55.464
55.513
55.565
55.617
55.666
55.718
55.767
55.818
55.866
55.917
55.965
56.015
56.063
56.111
56.161
56.208
56.258
56.304
56.354
56.400
56.447
56.496
56.542
56.588
56.637
56.683
56.731
56.776
56.822
56.867
56.915
56.960
57.005
57.053
57.097
57.142
57.189
57.233
57.278
57.322
57.366
57.413
57.456
57.500
57.544
57.590
57.634
57.677
57.720
57.763
57.806
57.852
57.895
57.938
57.981
58.023
58.066
58.108
58.151
58.196
58.238
58.280
58.322
58.364
58.406
58.448
58.490
58.531
58.573
58.614
58.656
58.697
58.739
58.780
58.821
58.862
58.903
58.944
58.985
59.026
59.067
59.107
59.148
59.189
59.229
59.270
59.310
59.350
59.391
59.431
59.471
59.511
59.551
59.588
59.628
59.668
59.708
59.747
59.787
59.827
59.866
59.906
59.942
59.982
60.021
60.060
60.099
60.139
60.175
60.214
60.253
60.292
60.331
60.367
60.406
60.444
60.483
60.522
60.557
60.596
60.634
60.673
60.711
60.747
60.785
60.823
60.861
60.897
60.935
60.973
61.008
61.046
61.084
61.121
61.156
61.194
61.232
61.267
61.304
61.342
61.379
61.414
61.451
61.489
61.523
61.560
61.598
61.632
61.669
61.706
61.740
61.777
61.814
61.848
61.885
61.919
61.956
61.993
62.026
62.063
62.100
62.133
62.170
62.203
62.240
62.276
62.310
62.346
62.379
62.415
62.451
62.485
62.521
62.554
62.590
62.623
62.659
62.695
62.727
62.763
62.796
62.832
62.864
62.900
62.933
62.968
63.001
63.036
63.071
63.104
63.139
63.171
63.207
63.239
63.274
63.306
63.341
63.373
63.408
63.440
63.475
63.507
63.542
63.574
63.608
63.640
63.675
63.706
63.741
63.773
63.807
63.839
63.870
63.904
63.936
63.970
64.001
64.035
64.067
64.101
64.132
64.166
64.197
64.228
64.262
64.293
64.327
64.358
64.392
64.422
64.456
64.487
64.517
64.551
64.582
64.615
64.646
64.679
64.710
64.740
64.773
64.804
64.837
64.867
64.897
64.931
64.961
64.994
65.024
65.054
65.087
65.117
65.150
65.180
65.209
65.242
65.272
65.305
65.334
65.364
65.397
65.426
65.456
65.488
65.518
65.550
65.580
65.609
65.641
65.671
65.700
65.732
65.761
65.791
65.823
65.852
65.884
65.913
65.942
65.974
66.003
66.032
66.063
66.092
66.121
66.153
66.181
66.210
66.242
66.270
66.299
66.331
66.359
66.391
66.419
66.447
66.479
66.507
66.535
66.567
66.595
66.623
66.654
66.683
66.711
66.742
66.770
66.798
66.829
66.857
66.885
66.913
66.944
66.971
66.999
67.030
67.058
67.085
67.116
67.144
67.171
67.202
67.230
67.257
67.288
67.315
67.343
67.373
67.400
67.428
67.455
67.485
67.513
67.540
67.570
67.597
67.625
67.655
67.682
67.709
67.739
67.766
67.793
67.820
67.850
67.877
67.903
67.933
67.960
67.987
68.017
68.043
68.070
68.097
68.126
68.153
68.179
68.209
68.235
68.262
68.288
68.318
68.344
68.371
68.400
68.426
68.452
68.479
68.508
68.534
68.560
68.590
68.616
68.642
68.668
68.697
68.723
68.749
68.778
68.804
68.830
68.855
68.884
68.910
68.936
68.965
68.990
69.016
69.042
69.070
69.096
69.122
69.147
69.176
69.201
69.227
69.255
69.281
69.306
69.331
69.360
69.385
69.410
69.436
69.464
69.489
69.514
69.539
69.568
69.593
69.618
69.646
69.671
69.696
69.721
69.749
69.774
69.799
69.824
69.852
69.877
69.901
69.926
69.954
69.979
70.003
70.031
70.056
70.081
70.105
70.133
70.157
70.182
70.206
70.234
70.258
70.283
70.307
70.335
70.359
70.383
70.408
70.435
70.459
70.484
70.508
70.535
70.559
70.583
70.607
70.635
70.659
70.683
70.707
70.734
70.758
70.782
70.806
70.833
70.857
70.881
70.908
70.931
70.955
70.979
71.006
71.030
71.053
71.077
71.104
71.127
71.151
71.174
71.201
71.225
71.248
71.272
71.298
71.322
71.345
71.368
71.395
71.418
71.442
71.465
71.491
71.515
71.538
71.561
71.587
71.610
71.634
71.657
71.683
71.706
71.729
71.752
71.778
71.801
71.824
71.847
71.873
71.896
71.919
71.941
71.968
71.990
72.013
72.036
72.062
72.084
72.107
72.130
72.156
72.178
72.201
72.223
72.249
72.271
72.294
72.316
72.342
72.364
72.387
72.409
72.435
72.457
72.479
72.501
72.527
72.549
72.571
72.594
72.619
72.641
72.663
72.689
72.711
72.733
72.755
72.780
72.802
72.824
72.846
72.871
72.893
72.915
72.937
72.962
72.984
73.005
73.027
73.052
73.074
73.096
73.117
73.142
73.164
73.186
73.207
73.232
73.254
73.275
73.297
73.322
73.343
73.364
73.389
73.411
73.432
73.453
73.478
73.499
72.822
72.844
72.865
72.886
72.911
72.932
72.953
72.974
72.999
73.020
73.041
73.065
73.086
73.107
73.128
73.153
73.174
73.195
73.215
73.240
73.261
73.282
73.306
73.327
73.347
73.368
73.392
73.413
73.434
73.455
73.479
73.499
73.520
73.544
73.565
73.585
73.606
73.630
73.650
73.671
73.691
73.715
73.736
73.756
73.780
73.800
73.821
73.841
73.865
73.885
73.905
73.929
73.949
73.970
73.990
74.013
74.034
74.054
74.077
74.098
74.118
74.138
74.161
74.181
74.201
74.221
74.245
74.265
74.285
74.308
74.328
74.348
74.368
74.391
74.411
74.431
74.454
74.474
74.493
74.517
74.536
74.556
74.576
74.599
74.618
74.638
74.661
74.681
74.700
74.720
74.743
74.762
74.782
74.805
74.824
74.844
74.863
74.886
74.905
74.925
74.947
74.967
74.986
75.009
75.028
75.047
75.066
75.089
75.108
75.127
75.150
75.169
75.188
75.211
75.230
75.249
75.268
75.290
75.309
75.328
75.351
75.370
75.389
75.411
75.430
75.449
75.468
75.490
75.509
75.527
75.550
75.569
75.587
75.609
75.628
75.647
75.669
75.688
75.706
75.725
75.747
75.765
75.784
75.806
75.824
75.843
75.865
75.883
75.902
75.924
75.942
75.960
75.982
76.001
76.019
76.041
76.059
76.077
76.096
76.117
76.136
76.154
76.176
76.194
76.212
76.233
76.252
76.270
76.291
76.309
76.327
76.349
76.367
76.385
76.406
76.424
76.442
76.464
76.482
76.499
76.521
76.539
76.556
76.578
76.596
76.613
76.635
76.652
76.670
76.691
76.709
76.727
76.748
76.766
76.783
76.804
76.822
76.839
76.861
76.878
76.895
76.917
76.934
76.951
76.973
76.990
77.007
77.028
77.046
77.063
77.084
77.101
77.119
77.140
77.157
77.174
77.195
77.212
77.229
77.250
77.267
77.288
77.305
77.322
77.343
77.360
77.377
77.398
77.415
77.432
77.453
77.470
77.487
77.507
77.524
77.541
77.562
77.579
77.599
77.616
77.633
77.654
77.670
77.687
77.708
77.724
77.741
77.762
77.778
77.799
77.815
77.832
77.853
77.869
77.886
77.906
77.923
77.939
77.960
77.976
77.997
78.013
78.030
78.050
78.067
78.083
78.103
78.120
78.140
78.156
78.173
78.193
78.209
78.226
78.246
78.262
78.282
78.299
78.315
78.335
78.351
78.368
78.388
78.404
78.424
78.440
78.456
78.476
78.492
78.512
78.529
78.545
78.565
78.581
78.601
78.617
78.633
78.653
78.669
78.685
78.705
78.721
78.740
78.756
78.772
78.792
78.808
78.828
78.844
78.860
78.879
78.895
78.915
78.931
78.947
78.966
78.982
79.002
79.018
79.034
79.053
79.069
79.088
79.104
79.120
79.140
79.155
79.175
79.190
79.206
79.226
79.241
79.261
79.277
79.292
79.312
79.327
79.347
79.362
79.382
79.397
79.413
79.432
79.448
79.467
79.483
79.498
79.517
79.533
79.552
79.568
79.583
79.602
79.618
79.637
79.652
79.672
79.687
79.703
79.722
79.737
79.756
79.772
79.791
79.806
79.821
79.840
79.856
79.875
79.890
79.909
79.925
79.940
79.959
79.974
79.993
80.008
80.027
80.043
80.058
80.077
80.092
80.111
80.126
80.145
80.160
80.175
80.194
80.209
80.228
80.243
80.262
80.277
80.292
80.311
80.326
80.345
80.360
80.379
80.394
80.412
80.427
80.442
80.461
80.476
80.495
80.510
80.528
80.543
80.558
80.577
80.592
80.611
80.625
80.644
80.659
80.678
80.692
80.711
80.726
80.741
80.759
80.774
80.793
80.807
80.826
80.841
80.859
80.874
80.888
80.907
80.922
80.940
80.955
80.973
80.988
81.006
81.021
81.040
81.054
81.069
81.087
81.102
81.120
81.135
81.153
81.168
81.186
81.201
81.219
81.233
81.252
81.266
81.281
81.299
81.313
81.332
81.346
81.365
81.379
81.397
81.412
81.430
81.444
81.462
81.477
81.491
81.509
81.524
81.542
81.556
81.574
81.589
81.607
81.621
81.639
81.653
81.672
81.686
81.704
81.718
81.736
81.751
81.765
81.783
81.797
81.815
81.829
81.847
81.861
81.879
81.893
81.911
81.926
81.944
81.958
81.976
81.990
82.008
82.022
82.040
82.054
82.072
82.085
82.103
82.117
82.131
82.149
82.163
82.181
82.195
82.213
82.227
82.245
82.259
82.276
82.290
82.308
82.322
82.340
82.354
82.371
82.385
82.403
82.417
82.434
82.448
82.466
82.480
82.497
82.511
82.529
82.543
82.560
82.574
82.592
82.605
82.623
82.637
82.654
82.668
82.685
82.699
82.713
82.730
82.744
82.761
82.775
82.793
82.806
82.824
82.837
82.855
82.868
82.886
82.899
82.917
82.930
82.948
82.961
82.979
82.992
83.010
83.023
83.041
83.054
83.071
83.085
83.102
83.115
83.133
83.146
83.164
83.177
83.194
83.208
83.225
83.238
83.256
83.269
83.286
83.299
83.317
83.330
83.347
83.361
83.378
83.391
83.408
83.421
83.439
83.456
83.469
83.486
83.499
83.517
83.530
83.547
83.560
83.577
83.590
83.607
83.620
83.638
83.651
83.668
83.681
83.698
83.711
83.728
83.741
83.758
83.771
83.788
83.801
83.818
83.831
83.848
83.861
83.878
83.891
83.908
83.921
83.938
83.951
83.968
83.981
83.998
84.010
84.027
84.040
84.057
84.074
84.087
84.104
84.116
84.133
84.146
84.163
84.176
84.192
84.205
84.222
84.235
84.252
84.264
84.281
84.294
84.311
84.323
84.340
84.353
84.369
84.382
84.399
84.411
84.428
84.445
84.457
84.474
84.487
84.503
84.516
84.533
84.545
84.562
84.574
84.591
84.604
84.620
84.633
84.649
84.662
84.678
84.691
84.707
84.724
84.736
84.753
84.765
84.782
84.794
84.811
84.823
84.840
84.852
84.869
84.881
84.898
84.910
84.926
84.939
84.955
84.972
84.984
85.000
85.013
85.029
85.041
85.058
85.070
85.086
85.099
85.115
85.127
85.144
85.160
85.172
85.189
85.201
85.217
85.229
85.246
85.258
85.274
85.286
85.303
85.315
85.331
85.347
85.360
85.376
85.388
85.404
85.416
85.432
85.445
85.461
85.473
85.489
85.501
85.517
85.533
85.546
85.562
85.574
85.590
85.602
85.618
85.630
85.646
85.658
85.674
85.690
85.702
85.718
85.730
85.747
85.758
85.774
85.786
85.802
85.814
85.830
85.847
85.858
85.874
85.886
85.902
85.914
85.930
85.942
85.958
85.970
85.986
86.002
86.014
86.030
86.041
86.057
86.069
86.085
86.097
86.113
86.129
86.141
86.157
86.168
86.184
86.196
86.212
86.224
86.239
86.255
86.267
86.283
86.295
86.310
86.322
86.338
86.350
86.365
86.381
86.393
86.409
86.420
86.436
86.448
86.464
86.475
86.491
86.507
86.518
86.534
86.546
86.561
86.573
86.589
86.604
86.616
86.632
86.643
86.659
86.670
86.686
86.698
86.713
86.729
86.741
86.756
86.768
86.783
86.795
86.811
86.826
86.838
86.853
86.865
86.880
86.892
86.907
86.919
86.934
86.950
86.961
86.977
86.988
87.004
87.015
87.031
87.046
87.058
87.073
87.085
87.100
87.112
87.127
87.143
87.154
87.169
87.181
87.196
87.208
87.223
87.238
87.250
87.265
87.276
87.292
87.303
87.319
87.334
87.345
87.361
87.372
87.387
87.399
87.414
87.430
87.441
87.456
87.467
87.483
87.494
87.509
87.525
87.536
87.551
87.562
87.578
87.589
87.604
87.619
87.631
87.646
87.657
87.672
87.683
87.699
87.714
87.725
87.740
87.751
87.767
87.782
87.793
87.808
87.819
87.835
87.846
87.861
87.876
87.887
87.902
87.913
87.929
87.939
87.955
87.970
87.981
87.996
88.007
88.022
88.037
88.048
88.063
88.074
88.090
88.100
88.116
88.131
88.142
88.157
88.168
88.183
88.198
88.209
88.224
88.235
88.250
88.261
88.276
88.291
88.302
88.317
88.328
88.343
88.358
88.368
88.384
88.394
88.409
88.420
88.435
88.450
88.461
88.476
88.487
88.502
88.517
88.527
88.542
88.553
88.568
88.583
88.594
88.609
88.619
88.634
88.645
88.660
88.675
88.686
88.700
88.711
88.726
88.741
88.752
88.766
88.777
88.792
88.807
88.817
88.832
88.843
88.858
88.868
88.883
88.898
88.909
88.923
88.934
88.949
88.964
88.974
88.989
88.999
89.014
89.029
89.040
89.054
89.065
89.080
89.094
89.105
89.120
89.130
89.145
89.155
89.170
89.185
89.195
89.210
89.220
89.235
89.250
89.260
89.275
89.285
89.300
89.315
89.325
89.340
89.350
89.365
89.379
89.390
89.404
89.415
89.429
89.444
89.454
89.469
89.479
89.494
89.508
89.519
89.533
89.544
89.558
89.568
89.583
89.598
89.608
89.622
89.633
89.647
89.662
89.672
89.686
89.697
89.711
89.726
89.736
89.750
89.761
89.775
89.790
89.800
89.814
89.824
89.839
89.853
89.864
89.878
89.888
89.903
89.917
89.927
89.942
89.952
89.966
89.981
89.991
90.005
90.015
90.030
90.044
90.054
90.068
90.078
90.093
90.107
90.117
90.132
90.142
90.156
90.170
90.180
90.195
90.205
90.219
90.233
90.243
90.258
90.268
90.282
90.296
90.306
90.321
90.330
90.345
90.359
90.369
90.383
90.398
90.407
90.422
90.432
90.446
90.460
90.470
90.484
90.494
90.508
90.523
90.532
90.547
90.557
90.571
90.585
90.595
90.609
90.619
90.633
90.647
90.657
90.671
90.681
90.695
90.709
90.719
90.733
90.743
90.757
90.771