56.598
56.779
56.960
57.142
57.323
57.503
57.683
57.863
58.043
58.223
58.405
58.585
58.764
58.944
59.123
59.275
59.427
59.577
59.728
59.876
60.024
60.170
60.316
60.462
60.606
60.746
60.888
61.029
61.168
61.306
61.444
61.580
61.717
61.851
61.984
62.115
62.248
62.378
62.506
62.635
62.762
62.889
63.013
63.139
63.261
63.384
63.507
63.626
63.746
63.866
63.985
64.100
64.217
64.332
64.447
64.561
64.674
64.786
64.897
65.008
65.117
65.226
65.334
65.441
65.548
65.656
65.761
65.865
65.969
66.072
66.176
66.278
66.378
66.481
66.580
66.679
66.779
66.877
66.976
67.072
67.170
67.265
67.361
67.455
67.550
67.643
67.737
67.830
67.921
68.013
68.103
68.194
68.285
68.372
68.462
68.551
68.640
68.726
68.813
68.900
68.987
69.073
69.156
69.241
69.326
69.410
69.494
69.577
69.659
69.741
69.821
69.902
69.983
70.063
70.143
70.222
70.301
70.379
70.457
70.535
70.612
70.691
70.767
70.843
70.918
70.993
71.068
71.142
71.215
71.289
71.364
71.436
71.508
71.580
71.651
71.724
71.795
71.865
71.935
72.004
72.075
72.144
72.212
72.283
72.350
72.418
72.487
72.554
72.620
72.688
72.754
72.819
72.887
72.952
73.016
73.083
73.147
73.213
73.276
73.342
73.405
73.467
73.532
73.594
73.658
73.720
73.784
73.845
73.908
73.969
74.032
74.095
74.155
74.217
74.276
74.338
74.398
74.459
74.520
74.579
74.640
74.701
74.759
74.819
74.877
74.937
74.997
75.057
75.114
75.173
75.233
75.289
75.348
75.407
75.463
75.522
75.580
75.639
75.697
75.752
75.810
75.868
75.925
75.980
76.037
76.095
76.152
76.209
76.265
76.319
76.376
76.433
76.489
76.545
76.601
76.657
76.713
76.766
76.822
76.878
76.933
76.989
77.044
77.099
77.154
77.209
77.264
77.319
77.374
77.428
77.483
77.537
77.591
77.646
77.700
77.754
77.808
77.862
77.915
77.969
78.023
78.076
78.130
78.183
78.236
78.290
78.343
78.396
78.449
78.502
78.554
78.610
78.662
78.715
78.767
78.820
78.872
78.924
78.977
79.029
79.083
79.135
79.187
79.239
79.291
79.342
79.397
79.448
79.500
79.551
79.602
79.656
79.708
79.759
79.810
79.861
79.914
79.965
80.016
80.067
80.117
80.171
80.221
80.272
80.322
80.375
80.425
80.476
80.529
80.579
80.629
80.679
80.731
80.781
80.831
80.883
80.933
80.983
81.032
81.084
81.134
81.183
81.235
81.284
81.334
81.386
81.435
81.484
81.535
81.584
81.633
81.685
81.733
81.785
81.833
81.882
81.933
81.982
82.030
82.081
82.129
82.180
82.228
82.276
82.327
82.375
82.426
82.474
82.522
82.572
82.620
82.670
82.718
82.768
82.816
82.863
82.913
82.960
83.011
83.058
83.108
83.155
83.205
83.252
83.301
83.348
83.395
83.445
83.491
83.541
83.588
83.637
83.683
83.733
83.779
83.828
83.875
83.924
83.970
84.019
84.065
84.114
84.160
84.209
84.255
84.303
84.349
84.398
84.444
84.492
84.541
84.586
84.635
84.680
84.728
84.774
84.822
84.867
84.915
84.960
85.008
85.056
85.101
85.149
85.194
85.242
85.287
85.334
85.379
85.427
85.474
85.519
85.566
85.611
85.658
85.702
85.750
85.797
85.841
85.889
85.933
85.980
86.027
86.071
86.118
86.162
86.209
86.255
86.299
86.346
86.389
86.436
86.483
86.526
86.573
86.616
86.663
86.709
86.752
86.799
86.845
86.888
86.934
86.977
87.024
87.070
87.113
87.158
87.204
87.247
87.293
87.339
87.382
87.427
87.470
87.516
87.561
87.604
87.649
87.695
87.737
87.782
87.828
87.870
87.915
87.960
88.003
88.048
88.093
88.135
88.180
88.222
88.267
88.312
88.354
88.398
88.443
88.485
88.530
88.574
88.616
88.661
88.705
88.747
88.791
88.836
88.877
88.921
88.966
89.010
89.051
89.095
89.140
89.181
89.225
89.269
89.310
89.354
89.398
89.439
89.483
89.527
89.567
89.611
89.655
89.696
89.740
89.783
89.827
89.867
89.911
89.955
89.995
90.038
90.082
90.122
90.165
90.209
90.249
90.292
90.336
90.379
90.419
90.462
90.505
90.545
90.588
90.631
90.671
90.714
90.757
90.800
90.839
90.882
90.925
90.965
91.007
91.050
91.093
91.132
91.175
91.217
91.256
91.299
91.341
91.384
91.423
91.465
91.508
91.547
91.589
91.631
91.673
91.712
91.755
91.797
91.836
91.878
91.919
91.961
92.000
92.042
92.084
92.123
92.164
92.206
92.248
92.287
92.328
92.370
92.412
92.450
92.492
92.533
92.571
92.613
92.654
92.696
92.734
92.775
92.816
92.858
92.896
92.937
92.978
93.020
93.057
93.099
93.140
93.177
93.218
93.259
93.301
93.338
93.379
93.420
93.461
93.499
93.539
93.580
93.621
93.658
93.699
93.740
93.777
93.818
93.858
93.899
93.936
93.977
94.017
94.057
94.095
94.135
94.175
94.216
94.253
94.293
94.333
94.373
94.410
94.451
94.491
94.531
94.568
94.608
94.648
94.688
94.724
94.764
94.804
94.844
94.881
94.921
94.960
95.000
95.037
95.076
95.116
95.152
95.192
95.232
95.271
95.308
95.347
95.387
95.426
95.462
95.502
95.541
95.581
95.617
95.656
95.695
95.735
95.771
95.810
95.849
95.888
95.924
95.963
96.002
96.041
96.077
96.116
96.155
96.194
96.230
96.269
96.307
96.346
96.382
96.421
96.459
96.498
96.533
96.572
96.611
96.650
96.685
96.723
96.762
96.801
96.836
96.874
96.913
96.951
96.986
97.025
97.063
97.101
97.136
97.175
97.213
97.251
97.286
97.324
97.362
97.400
97.435
97.473
97.511
97.549
97.584
97.622
97.660
97.698
97.732
97.770
97.808
97.846
97.880
97.918
97.956
97.990
98.028
98.066
98.103
98.137
98.175
98.213
98.250
98.284
98.322
98.359
98.397
98.431
98.468
98.506
98.543
98.577
98.614
98.652
98.689
98.723
98.760
98.797
98.834
98.868
98.905
98.943
98.980
99.013
99.050
99.087
99.121
99.158
99.195
99.232
99.265
99.302
98.637
98.674
98.711
98.748
98.781
98.818
98.855
98.891
98.925
98.961
98.998
99.031
99.068
99.104
99.141
99.174
99.211
99.247
99.284
99.317
99.353
99.389
99.422
99.459
99.495
99.531
99.564
99.600
99.637
99.673
99.706
99.742
99.778
99.811
99.847
99.883
99.919
99.952
99.988
100.024
100.060
100.092
100.128
100.164
100.196
100.232
100.268
100.304
100.336
100.372
100.408
100.440
100.476
100.512
100.547
100.580
100.615
100.651
100.683
100.718
100.754
100.790
100.822
100.857
100.893
100.928
100.960
100.995
101.031
101.063
101.098
101.133
101.169
101.200
101.236
101.271
101.302
101.338
101.373
101.404
101.439
101.475
101.510
101.541
101.576
101.611
101.643
101.678
101.713
101.748
101.779
101.814
101.849
101.880
101.915
101.950
101.984
102.015
102.050
102.085
102.116
102.151
102.185
102.216
102.251
102.286
102.320
102.351
102.386
102.420
102.451
102.485
102.520
102.551
102.585
102.619
102.654
102.684
102.719
102.753
102.784
102.818
102.852
102.883
102.917
102.951
102.985
103.015
103.050
103.084
103.114
103.148
103.182
103.212
103.246
103.280
103.311
103.344
103.378
103.412
103.442
103.476
103.510
103.540
103.574
103.607
103.638
103.671
103.705
103.735
103.768
103.802
103.832
103.866
103.899
103.929
103.962
103.996
104.029
104.059
104.093
104.126
104.156
104.189
104.222
104.252
104.285
104.318
104.348
104.381
104.415
104.444
104.477
104.510
104.540
104.573
104.606
104.635
104.668
104.701
104.731
104.764
104.797
104.826
104.859
104.892
104.921
104.954
104.987
105.016
105.049
105.081
105.111
105.143
105.176
105.205
105.238
105.270
105.299
105.332
105.365
105.393
105.426
105.459
105.487
105.520
105.552
105.581
105.614
105.646
105.675
105.707
105.740
105.768
105.801
105.833
105.862
105.894
105.926
105.955
105.987
106.015
106.048
106.080
106.108
106.140
106.173
106.201
106.233
106.265
106.294
106.326
106.358
106.386
106.418
106.450
106.478
106.510
106.538
106.570
106.602
106.630
106.662
106.694
106.722
106.754
106.786
106.814
106.846
106.874
106.905
106.937
106.965
106.997
107.028
107.056
107.088
107.120
107.147
107.179
107.207
107.239
107.270
107.298
107.329
107.361
107.389
107.420
107.448
107.479
107.511
107.538
107.570
107.601
107.629
107.660
107.688
107.719
107.750
107.778
107.809
107.841
107.868
107.899
107.927
107.958
107.989
108.017
108.048
108.075
108.106
108.138
108.165
108.196
108.223
108.254
108.286
108.313
108.344
108.375
108.402
108.433
108.460
108.491
108.522
108.549
108.580
108.608
108.638
108.669
108.697
108.727
108.754
108.785
108.816
108.843
108.874
108.901
108.932
108.962
108.989
109.020
109.047
109.078
109.109
109.136
109.166
109.193
109.224
109.254
109.281
109.312
109.339
109.369
109.400
109.427
109.457
109.484
109.515
109.541
109.572
109.602
109.629
109.659
109.686
109.717
109.747
109.774
109.804
109.831
109.861
109.891
109.918
109.948
109.975
110.005
110.032
110.062
110.092
110.119
110.149
110.176
110.206
110.232
110.263
110.293
110.319
110.350
110.376
110.406
110.433
110.463
110.493
110.519
110.549
110.576
110.606
110.632
110.662
110.692
110.718
110.749
110.775
110.805
110.831
110.861
110.891
110.917
110.947
110.973
111.003
111.029
111.059
111.089
111.115
111.145
111.171
111.201
111.227
111.257
111.283
111.313
111.343
111.369
111.399
111.425
111.454
111.480
111.510
111.540
111.566
111.596
111.621
111.651
111.677
111.707
111.733
111.762
111.788
111.818
111.847
111.873
111.903
111.929
111.958
111.984
112.013
112.039
112.069
112.098
112.124
112.154
112.179
112.209
112.234
112.264
112.290
112.319
112.345
112.374
112.404
112.429
112.459
112.484
112.513
112.539
112.568
112.594
112.623
112.649
112.678
112.704
112.733
112.762
112.788
112.817
112.842
112.872
112.897
112.926
112.952
112.981
113.006
113.036
113.061
113.090
113.119
113.144
113.174
113.199
113.228
113.253
113.283
113.308
113.337
113.362
113.391
113.416
113.445
113.471
113.500
113.525
113.554
113.583
113.608
113.637
113.662
113.691
113.716
113.745
113.770
113.799
113.824
113.853
113.878
113.907
113.932
113.961
113.986
114.015
114.040
114.069
114.093
114.122
114.147
114.176
114.205
114.230
114.259
114.283
114.312
114.337
114.366
114.391
114.419
114.444
114.473
114.498
114.526
114.551
114.580
114.604
114.633
114.658
114.686
114.711
114.740
114.764
114.793
114.818
114.846
114.871
114.899
114.924
114.952
114.977
115.006
115.030
115.059
115.083
115.112
115.136
115.165
115.193
115.217
115.246
115.270
115.299
115.323
115.352
115.376
115.404
115.429
115.457
115.482
115.510
115.534
115.563
115.587
115.615
115.639
115.668
115.692
115.720
115.745
115.773
115.797
115.825
115.850
115.878
115.902
115.930
115.954
115.983
116.007
116.035
116.059
116.087
116.111
116.139
116.163
116.192
116.216
116.244
116.268
116.296
116.320
116.348
116.372
116.400
116.424
116.448
116.476
116.500
116.528
116.552
116.580
116.604
116.632
116.656
116.684
116.707
116.735
116.759
116.787
116.811
116.839
116.863
116.890
116.914
116.942
116.966
116.994
117.017
117.045
117.069
117.097
117.120
117.148
117.172
117.200
117.223
117.251
117.275
117.302
117.326
117.354
117.377
117.405
117.429
117.456
117.480
117.503
117.531
117.555
117.582
117.606
117.633
117.657
117.684
117.708
117.736
117.759
117.787
117.810
117.837
117.861
117.888
117.912
117.939
117.963
117.990
118.014
118.041
118.064
118.092
118.115
118.139
118.166
118.189
118.217
118.240
118.267
118.291
118.318
118.341
118.368
118.392
118.419
118.442
118.470
118.493
118.520
118.543
118.570
118.594
118.617
118.644
118.667
118.694
118.717
118.745
118.768
118.795
118.818
118.845
118.868
118.895
118.918
118.946
118.969
118.996
119.019
119.042
119.069
119.092
119.119
119.142
119.169
119.192
119.219
119.242
119.269
119.292
119.319
119.342
119.365
119.392
119.415
119.442
119.464
119.491
119.514
119.541
119.564
119.591
119.614
119.641
119.664
119.686
119.713
119.736
119.763
119.786
119.813
119.835
119.862
119.885
119.912
119.934
119.961
119.984
120.007
120.033
120.056
120.083
120.106
120.132
120.155
120.182
120.204
120.231
120.254
120.276
120.303
120.326
120.352
120.375
120.402
120.424
120.451
120.473
120.500
120.523
120.545
120.572
120.594
120.621
120.643
120.670
120.692
120.719
120.742
120.768
120.791
120.813
120.840
120.862
120.889
120.911
120.938
120.960
120.986
121.009
121.031
121.058
121.080
121.107
121.129
121.155
121.178
121.204
121.226
121.249
121.275
121.298
121.324
121.346
121.373
121.395
121.421
121.444
121.466
121.492
121.514
121.541
121.563
121.589
121.612
121.638
121.660
121.682
121.709
121.731
121.757
121.779
121.806
121.828
121.850
121.876
121.898
121.925
121.947
121.973
121.995
122.021
122.043
122.065
122.092
122.114
122.140
122.162
122.188
122.210
122.232
122.258
122.280
122.307
122.329
122.355
122.377
122.403
122.425
122.447
122.473
122.495
122.521
122.543
122.569
122.591
122.613
122.639
122.661
122.687
122.709
122.735
122.757
122.779
122.805
122.827
122.853
122.875
122.901
122.922
122.944
122.970
122.992
123.018
123.040
123.066
123.088
123.110
123.135
123.157
123.183
123.205
123.231
123.253
123.274
123.300
123.322
123.348
123.370
123.396
123.417
123.439
123.465
123.487
123.513
123.534
123.560
123.582
123.603
123.629
123.651
123.677
123.698
123.724
123.746
123.767
123.793
123.815
123.841
123.862
123.884
123.909
123.931
123.957
123.978
124.004
124.026
124.047
124.073
124.094
124.120
124.142
124.167
124.189
124.210
124.236
124.258
124.283
124.305
124.326
124.352
124.373
124.399
124.420
124.446
124.467
124.489
124.514
124.536
124.561
124.583
124.604
124.630
124.651
124.677
124.698
124.724
124.745
124.766
124.792
124.813
124.839
124.860
124.881
124.907
124.928
124.954
124.975
125.000
125.022
125.043
125.068
125.090
125.115
125.136
125.158
125.183
125.204
125.230
125.251
125.272
125.297
125.319
125.344
125.365
125.391
125.412
125.433
125.458
125.479
125.505
125.526
125.547
125.572
125.593
125.619
125.640
125.661
125.686
125.707
125.733
125.754
125.779
125.800
125.821
125.846
125.867
125.893
125.914
125.935
125.960
125.981
126.006
126.027
126.048
126.073
126.094
126.120
126.140
126.161
126.187
126.208
126.233
126.254
126.279
126.300
126.321
126.346
126.367
126.392
126.413
126.433
126.459
126.480
126.505
126.525
126.546
126.571
126.592
126.617
126.638
126.659
126.684
126.705
126.730
126.751
126.771
126.796
126.817
126.842
126.863
126.884
126.909
126.929
126.954
126.975
127.000
127.021
127.041
127.066
127.087
127.112
127.133
127.153
127.178
127.199
127.224
127.245
127.265
127.290
127.311
127.336
127.356
127.377
127.402
127.422
127.447
127.468
127.488
127.513
127.534
127.559
127.579
127.600
127.624
127.645
127.670
127.690
127.711
127.736
127.756
127.781
127.801
127.822
127.847
127.867
127.892
127.912
127.933
127.958
127.978
128.003
128.023
128.044
128.068
128.089
128.113
128.134
128.154
128.179
128.199
128.224
128.244
128.265
128.289
128.310
128.334
128.355
128.375
128.400
128.420
128.440
128.465
128.485
128.510
128.530
128.550
128.575
128.595
128.620
128.640
128.660
128.685
128.705
128.730
128.750
128.770
128.795
128.815
128.840
128.860
128.880
128.905
128.925
128.949
128.969
128.990
129.014
129.034
129.059
129.079
129.099